City,Lat,Lng,Max Temp,Humidity,Cloudiness,Wind Speed,Country,Date
pacasmayo,-7.4006,-79.5714,74.68,72,99,11.77,PE,1736188107
tarawa,1.419,172.984,80.69,83,75,6.91,KI,1736188108
campechuela,20.2342,-77.2789,78.85,56,94,6.42,CU,1736188109
flying fish cove,-10.4217,105.6791,78.48,94,75,5.75,CX,1736188111
port-aux-francais,-49.35,70.2167,43.18,82,24,19.86,TF,1736188112
goroka,-6.0834,145.3873,59.58,97,87,1.05,PG,1736188113
tamanrasset,22.785,5.5228,58.91,20,0,4.61,DZ,1736188114
nogliki,51.8333,143.1667,5.54,97,95,13.94,RU,1736188115
grytviken,-54.2811,-36.5092,54.14,62,98,11.25,GS,1736188116
puerto natales,-51.7236,-72.4875,55.85,62,75,9.22,CL,1736187834
karratha,-20.7377,116.8463,87.55,60,78,10.89,AU,1736188119
punta arenas,-53.15,-70.9167,57.31,51,40,12.66,CL,1736188120
yellowknife,62.456,-114.3525,-13.59,92,100,14.97,CA,1736187844
al abyar,32.19,20.5965,56.05,79,82,1.43,LY,1736188123
iqaluit,63.7506,-68.5145,17.33,85,100,0.0,CA,1736188124
puerto deseado,-47.7503,-65.8938,65.39,61,42,13.6,AR,1736188125
kavieng,-2.5744,150.7967,82.15,74,62,2.01,PG,1736188127
olonkinbyen,70.9221,-8.7187,25.65,61,13,10.74,SJ,1736188128
remire-montjoly,4.9167,-52.2667,86.04,66,75,14.97,GF,1736188129
port elizabeth,-33.918,25.5701,70.09,88,40,4.0,ZA,1736187882
blackmans bay,-43.0167,147.3167,47.52,83,13,1.01,AU,1736188131
san patricio,28.017,-97.5169,48.15,28,0,16.08,US,1736188133
magadan,59.5667,150.8,5.34,64,81,7.78,RU,1736188134
pontes e lacerda,-15.2261,-59.3353,87.15,62,83,5.44,BR,1736188135
bethel,41.3712,-73.414,28.02,82,100,4.61,US,1736188005
west island,-12.1568,96.8225,82.38,83,20,11.5,CC,1736187929
mejit,10.2753,170.8646,80.2,69,85,22.79,MH,1736187949
pamiers,43.0833,1.5,46.11,55,100,7.65,FR,1736188140
college,64.8569,-147.8028,7.45,82,75,0.0,US,1736188141
antsiranana,-12.2787,49.2917,75.96,86,38,6.26,MG,1736188142
mount pearl,47.5166,-52.7813,37.15,97,100,14.97,CA,1736188143
albany,42.6001,-73.9662,20.64,68,100,8.9,US,1736188049
kalymnos,36.95,26.9833,54.93,82,20,0.0,GR,1736188146
karamay,45.6004,84.8661,13.19,94,86,2.35,CN,1736188147
puerto baquerizo moreno,-0.9,-89.6,83.39,61,20,14.97,EC,1736188138
doka,13.5167,35.7667,78.82,21,95,13.4,SD,1736188149
novodvinsk,64.4165,40.8122,10.15,95,100,5.82,RU,1736188150
horni pocernice,50.1121,14.6104,39.18,91,0,4.61,CZ,1736188152
port isabel,26.0734,-97.2086,52.03,55,0,23.02,US,1736188153
bredasdorp,-34.5322,20.0403,65.07,61,1,7.49,ZA,1736188154
itigi,-5.7,34.4833,68.59,68,91,2.86,TZ,1736188155
edinburgh of the seven seas,-37.0676,-12.3116,63.1,87,95,23.44,SH,1736188156
ushuaia,-54.8,-68.3,58.66,38,40,14.97,AR,1736187969
waitangi,-43.9535,-176.5597,63.82,91,13,1.99,NZ,1736188160
quelimane,-17.8786,36.8883,80.55,74,40,3.44,MZ,1736188161
san mateo del mar,16.2,-95.0,83.44,59,92,25.97,MX,1736188162
jumla,29.2747,82.1838,31.78,63,45,6.22,NP,1736188163
posto fiscal rolim de moura,-13.0833,-62.2667,88.45,58,97,4.07,BR,1736188164
talnakh,69.4865,88.3972,13.93,92,100,23.85,RU,1736188159
hasaki,35.7333,140.8333,49.48,89,91,12.97,JP,1736188167
thompson,55.7435,-97.8558,-7.44,71,20,10.36,CA,1736188066
papatowai,-46.5619,169.4708,55.45,70,81,4.03,NZ,1736188169
kudahuvadhoo,2.6708,72.8944,81.55,76,16,4.36,MV,1736188170
nemuro,43.3236,145.575,35.78,99,100,15.79,JP,1736188171
tiksi,71.6872,128.8694,-20.61,89,21,8.08,RU,1736188173
udachny,66.4167,112.4,-27.87,100,33,5.79,RU,1736188174
northwood,40.4728,-83.7324,26.55,96,100,25.32,US,1736188175
corrientes,-27.4806,-58.8341,95.99,34,0,9.22,AR,1736188116
adamstown,-25.066,-130.1015,74.73,76,71,6.82,PN,1736188177
nenjiang,49.1833,125.2167,7.23,96,100,6.71,CN,1736188178
bikenibeu village,1.3673,173.1241,80.56,83,75,6.91,KI,1736188180
aykhal,66.0,111.5,-21.33,99,26,7.76,RU,1736188181
st. john's,47.5649,-52.7093,37.98,96,100,14.97,CA,1736187992
cuero,29.0939,-97.2892,45.01,41,0,5.01,US,1736188183
nowy tomysl,52.3195,16.1284,41.67,84,100,13.15,PL,1736188184
kerikeri,-35.2268,173.9474,59.92,85,18,5.35,NZ,1736188186
sitangkai,4.6628,119.3928,81.9,78,2,7.56,PH,1736188187
yangiqo'rg'on,41.1906,71.7257,32.65,72,73,4.79,UZ,1736188188
margaret river,-33.95,115.0667,62.74,83,0,6.35,AU,1736188189
moyynkum,44.2914,72.9469,32.67,77,100,6.8,KZ,1736188190
beipiao,41.7919,120.7792,18.01,51,0,7.11,CN,1736188192
atafu village,-8.5421,-172.5159,81.7,79,100,16.28,TK,1736188193
bilibino,68.0546,166.4372,-25.01,79,60,2.15,RU,1736188194
avarua,-21.2078,-159.775,80.65,83,40,10.36,CK,1736188195
puyang chengguanzhen,35.7028,115.0053,30.27,29,7,7.65,CN,1736188196
vorgashor,67.5833,63.95,4.73,95,100,15.14,RU,1736188197
tura,25.5198,90.2201,62.85,65,95,2.77,IN,1736188198
fulton,33.7668,-84.4499,41.95,72,100,21.85,US,1736188200
thinadhoo,0.5333,72.9333,81.91,76,14,8.97,MV,1736188201
carnarvon,-24.8667,113.6333,75.88,83,4,18.14,AU,1736188051
georgetown,5.4112,100.3354,82.33,82,20,3.44,MY,1736188203
lorengau,-2.0226,147.2712,79.99,81,8,0.6,PG,1736188204
jamestown,42.097,-79.2353,24.03,90,100,11.99,US,1736188106
wenling,28.3669,121.36,42.49,66,97,8.48,CN,1736188207
petropavlovsk-kamchatsky,53.0452,158.6483,21.79,93,75,2.24,RU,1736188208
zouerate,22.7187,-12.4521,64.51,19,0,9.46,MR,1736188209
trairi,-3.2778,-39.2689,84.07,69,100,13.58,BR,1736188210
hermanus,-34.4187,19.2345,67.8,70,2,6.13,ZA,1736188212
qaqortoq,60.7167,-46.0333,18.0,74,44,7.58,GL,1736187922
antofagasta,-23.65,-70.4,69.08,72,66,8.61,CL,1736188082
larroque,-33.036,-59.0013,96.19,12,38,10.29,AR,1736188215
belmonte,-15.8631,-38.8828,83.08,73,3,11.77,BR,1736188217
rio grande,-32.035,-52.0986,71.94,64,18,13.78,BR,1736188218
kwang binh,17.4833,106.6,64.58,84,92,2.62,VN,1736188220
geneina,13.45,22.45,67.75,15,0,15.26,SD,1736188221
tianchang,37.9981,114.0156,30.96,27,0,11.34,CN,1736188222
ilulissat,69.2167,-51.1,18.28,78,100,6.62,GL,1736188116
port mathurin,-19.6833,63.4167,78.69,83,0,20.89,MU,1736188224
fort bragg,35.139,-79.006,46.24,96,100,5.75,US,1736188225
bekondo,4.6819,9.3214,76.26,75,81,2.51,CM,1736188227
anadyr,64.75,177.4833,-5.3,71,0,8.95,RU,1736188228
pekan,3.4836,103.3996,77.52,82,99,9.26,MY,1736188229
kailua-kona,19.6406,-155.9956,73.56,86,10,1.99,US,1736188196
igarka,67.4667,86.5833,22.95,95,100,18.75,RU,1736188231
manacapuru,-3.2997,-60.6206,86.61,60,94,1.77,BR,1736188152
saint-pierre,-21.3393,55.4781,80.28,74,0,3.44,RE,1736188234
leava,-14.3,-178.1667,81.82,83,100,30.24,WF,1736188235
klyuchi,52.2667,79.1667,12.09,94,100,5.84,RU,1736188236
enewetak,11.3474,162.3373,80.53,79,32,23.44,MH,1736188237
puerto ayora,-0.7393,-90.3518,77.56,89,79,8.01,EC,1736188238
ribeira grande,38.5167,-28.7,66.78,88,75,24.16,PT,1736188239
palmer,42.1584,-72.3287,25.16,59,75,0.0,US,1736188241
plastun,44.7561,136.2939,7.05,78,3,5.41,RU,1736188242
at taj,24.2049,23.2857,58.17,55,100,9.57,LY,1736188243
spring creek,40.7266,-115.5859,33.82,88,100,3.83,US,1736188244
new kingman-butler,35.265,-114.0323,57.78,21,0,1.97,US,1736188246
haiku-pauwela,20.9219,-156.3051,74.19,84,40,12.66,US,1736188247
afaahiti,-17.75,-149.2833,78.67,66,81,4.94,PF,1736188247
lukolela,-1.0605,17.1821,76.66,76,61,2.24,CD,1736188250
namibe,-15.1961,12.1522,72.27,81,99,10.49,AO,1736188251
ancud,-41.8697,-73.8203,63.61,65,93,9.31,CL,1736188078
goure,13.9835,10.2704,70.74,18,39,9.78,NE,1736188254
viedma,-40.8135,-62.9967,100.9,11,100,2.66,AR,1736188222
homer,59.6425,-151.5483,42.69,78,100,13.8,US,1736188127
kasserine,35.1676,8.8365,49.42,65,100,9.13,TN,1736188259
villa gesell,-37.2639,-56.973,68.58,63,34,17.07,AR,1736187982
touros,-5.1989,-35.4608,85.51,63,25,13.94,BR,1736187994
buala,-8.145,159.5921,78.85,79,100,5.28,SB,1736188263
moroni,-11.7022,43.2551,80.31,79,25,3.15,KM,1736188264
east london,-33.0153,27.9116,68.94,94,100,4.61,ZA,1736188265
bitche,49.0501,7.4267,46.69,83,100,11.9,FR,1736188267
dudinka,69.4058,86.1778,15.93,93,100,27.6,RU,1736188018
longyearbyen,78.2186,15.6401,6.64,78,20,9.22,SJ,1736188206
susuman,62.7833,148.1667,-30.14,99,100,0.58,RU,1736188270
wailua homesteads,22.0669,-159.378,74.19,93,100,9.22,US,1736188271
brewton,31.1052,-87.0722,43.83,52,6,14.05,US,1736188273
praia da vitoria,38.7333,-27.0667,66.45,88,75,30.36,PT,1736188274
vilyuysk,63.7553,121.6247,-38.61,100,95,4.63,RU,1736188275
sao vicente,-23.9631,-46.3919,77.99,35,100,7.0,BR,1736188276
mauganj,24.6833,81.8833,59.47,48,0,4.94,IN,1736188278
hithadhoo,-0.6,73.0833,80.78,81,0,9.8,MV,1736188279
kashary,49.04,41.0056,26.94,56,100,9.73,RU,1736188280
la passe,45.5549,-0.8967,49.5,74,1,13.49,FR,1736188281
usinsk,65.9939,57.5281,-2.47,97,99,12.53,RU,1736188282
ishigaki,24.3448,124.1572,59.13,67,100,10.36,JP,1736188283
isangel,-19.55,169.2667,77.0,84,89,14.76,VU,1736188285
gutao,37.2025,112.1781,24.78,32,0,5.53,CN,1736188286
keflavik,64.0049,-22.5624,25.23,74,20,23.02,IS,1736188287
invercargill,-46.4,168.35,55.02,91,100,1.01,NZ,1736188288
tralee,52.2704,-9.7026,35.85,87,20,5.75,IE,1736188290
nouadhibou,20.931,-17.0347,76.98,29,0,9.22,MR,1736188291
yatou,37.15,122.3833,29.07,55,43,11.12,CN,1736188292
alice springs,-23.7,133.8833,81.95,32,8,6.91,AU,1736188046
kapuskasing,49.4169,-82.4331,5.09,78,100,10.36,CA,1736188294
siwa oasis,29.2041,25.5195,61.66,54,2,4.79,EG,1736188105
kununurra,-15.7667,128.7333,80.58,83,100,0.0,AU,1736188219
kolonia,50.9333,6.95,46.96,72,20,21.85,DE,1736188033
pisco,-13.7,-76.2167,74.01,83,0,10.36,PE,1736188299
essaouira,31.5125,-9.77,65.7,82,40,5.75,MA,1736188301
nuuk,64.1835,-51.7216,23.61,74,40,6.91,GL,1736188302
misliyah,17.4599,42.5572,76.08,68,4,2.24,SA,1736188303
lakatoro,-16.0999,167.4164,79.77,85,100,5.3,VU,1736188304
olds,51.7834,-114.102,12.25,89,75,3.29,CA,1736188153
kodiak,57.79,-152.4072,36.91,93,100,24.16,US,1736188307
castillos,-34.1667,-53.8333,72.3,51,44,10.85,UY,1736188308
ust-nera,64.5667,143.2,-24.2,96,95,1.9,RU,1736188309
palikir - national government center,6.9248,158.1611,81.63,72,88,24.0,FM,1736188310
fale old settlement,-9.3852,-171.2468,81.63,78,87,17.43,TK,1736188311
whitehorse,60.7161,-135.0538,20.01,85,75,23.02,CA,1736188312
acajutla,13.5928,-89.8275,84.54,61,10,8.75,SV,1736188314
nanuque,-17.8392,-40.3539,89.1,53,35,6.33,BR,1736188251
kampene,-3.6,26.6667,68.67,99,100,1.97,CD,1736188317
narok,-1.0783,35.8601,59.49,72,72,5.08,KE,1736188268
jwaneng,-24.6004,24.7303,67.51,89,100,1.32,BW,1736188319
hanzhong,33.0728,107.0303,42.17,40,100,3.8,CN,1736188320
cabo san lucas,22.8909,-109.9124,77.5,57,0,7.0,MX,1736188321
san fernando,15.0286,120.6898,76.73,91,94,1.88,PH,1736188323
north platte,41.1239,-100.7654,16.07,80,0,4.61,US,1736188324
laurel,39.0993,-76.8483,28.72,89,100,10.36,US,1736188186
islamorada,24.9243,-80.6278,69.8,82,83,10.27,US,1736187827
mbandaka,0.0487,18.2603,76.96,79,100,4.56,CD,1736188327
pyapon,16.2833,95.6833,69.12,73,0,6.31,MM,1736188329
marsh harbour,26.5412,-77.0636,74.46,58,0,19.95,BS,1736188331
sambava,-14.2667,50.1667,77.59,87,7,9.48,MG,1736188332
taoudenni,22.6783,-3.9836,67.46,18,0,9.31,ML,1736188333
sihanoukville,10.6093,103.5296,71.55,88,43,4.61,KH,1736188335
akureyri,65.6835,-18.0878,28.33,80,100,13.8,IS,1736188195
tolanaro,-25.0319,46.9987,82.47,74,0,18.41,MG,1736188337
fada,7.25,4.0667,81.07,68,75,5.55,NG,1736188338
santa fe de antioquia,6.5569,-75.8281,86.9,63,86,0.47,CO,1736188191
mount isa,-20.7333,139.5,69.57,56,1,0.0,AU,1736188340
vila franca do campo,37.7167,-25.4333,64.89,99,100,21.03,PT,1736188342
chany,55.3121,76.7647,18.63,98,100,5.01,RU,1736188343
dobrotesti,44.2833,24.8833,39.54,67,6,3.06,RO,1736188344
kone,-21.0595,164.8658,73.22,84,90,3.98,NC,1736188345
itoman,26.1247,127.6694,60.82,55,75,23.02,JP,1736188347
sarykemer,43.0,71.5,31.48,61,0,4.32,KZ,1736188348
cidreira,-30.1811,-50.2056,73.26,69,16,13.71,BR,1736188349
makarov,48.6333,142.8,16.23,91,100,7.14,RU,1736188350
preobrazheniye,42.9019,133.9064,18.36,72,40,6.62,RU,1736188351
semnan,35.5729,53.3971,39.49,44,96,3.33,IR,1736188352
gadzhiyevo,69.2551,33.3362,-4.43,100,100,7.76,RU,1736188354
ocean shores,46.9737,-124.1563,46.96,90,75,12.66,US,1736188329
sao joao da barra,-21.6403,-41.0511,82.49,83,97,9.1,BR,1736188356
karungdong,5.8844,121.263,78.66,87,12,2.19,PH,1736188357
tazacorte,28.629,-17.9293,67.17,85,40,3.44,ES,1736188359
feurs,45.7399,4.2271,52.38,74,100,5.79,FR,1736188360
aasiaat,68.7098,-52.8699,20.26,87,100,8.52,GL,1736188361
tchaourou,8.8865,2.5975,84.94,14,48,4.76,BJ,1736188362
idri,27.5,13.2667,60.93,44,100,9.08,LY,1736188364
shenjiamen,29.9576,122.298,43.34,61,100,12.93,CN,1736188365
klaksvik,62.2266,-6.589,37.17,60,74,30.6,FO,1736188366
port saint john's,-31.6229,29.5448,70.81,88,100,2.75,ZA,1736188367
luau,-10.7073,22.2247,64.54,94,100,4.43,AO,1736188368
saint-francois,46.4154,3.9054,47.64,68,100,14.97,FR,1736188369
manaure,11.7751,-72.4445,86.95,58,99,18.34,CO,1736188370
badger,64.8,-147.5333,8.98,85,75,0.0,US,1736188372
stanley,54.868,-1.6985,35.53,83,20,16.11,GB,1736188373
vadso,70.0744,29.7487,19.56,73,40,12.66,NO,1736188374
howrah,22.5892,88.3103,64.4,72,1,3.44,IN,1736188375
melenki,55.3343,41.6295,14.7,98,99,5.19,RU,1736188376
ujae,8.9322,165.7642,81.88,68,100,18.48,MH,1736188379
bereket,39.2446,55.5154,44.22,86,78,11.18,TM,1736188380
los aquijes,-14.0967,-75.6908,88.86,38,58,13.15,PE,1736188381
vilyuchinsk,52.9306,158.4028,23.27,92,100,4.09,RU,1736188382
olinda,-8.0089,-34.8553,83.93,74,75,11.5,BR,1736188352
hamilton,39.1834,-84.5333,27.41,91,100,19.57,US,1736188206
yadrin,55.9405,46.2062,7.07,99,97,4.47,RU,1736188386
polyarnyy,69.1989,33.4478,-4.67,100,100,8.61,RU,1736188387
longido,-2.7333,36.6833,66.52,72,40,13.09,TZ,1736188388
el vigia,8.6219,-71.6506,82.87,75,99,4.61,VE,1736188389
zheleznodorozhnyy,55.7503,38.0042,21.09,91,100,7.52,RU,1736188392
lagoa,39.05,-27.9833,64.18,81,100,23.91,PT,1736188393
dalbandin,28.8947,64.4101,43.05,43,0,6.22,PK,1736188394
itaporanga,-7.3044,-38.1503,97.07,23,73,13.24,BR,1736188395
lompoc,34.6391,-120.4579,64.13,64,89,8.01,US,1736188225
san jose del cabo,23.0589,-109.6977,79.88,11,0,10.36,MX,1736188398
labrador city,52.9463,-66.9114,23.18,82,100,21.99,CA,1736188399
midleton,51.9153,-8.1805,35.74,87,10,11.95,IE,1736188400
utrik,11.2278,169.8474,79.86,74,86,22.1,MH,1736188401
eyl,7.9803,49.8164,73.4,72,31,16.26,SO,1736188402
broken hill,-31.95,141.4333,64.13,66,0,16.02,AU,1736188403
namtsy,62.7161,129.6658,-30.28,95,100,3.89,RU,1736188405
nar'yan-mar,67.6713,53.087,4.21,92,99,15.12,RU,1736188406
kalevala,65.2,31.1667,-0.06,99,85,3.91,RU,1736188407
inongo,-1.95,18.2667,74.66,84,83,6.02,CD,1736188408
isafjordur,66.0755,-23.124,26.64,59,75,10.36,IS,1736188409
tamboril,19.4854,-70.611,79.57,73,40,6.91,DO,1736188410
kristiansund,63.1115,7.732,31.12,74,0,13.8,NO,1736188412
piacabucu,-10.4056,-36.4344,83.44,66,36,12.48,BR,1736188413
prince albert,53.2001,-105.7677,-5.85,71,20,6.91,CA,1736188268
qamdo,31.1667,97.2333,27.16,40,10,5.53,CN,1736188415
kingston,17.997,-76.7936,87.17,58,20,16.11,JM,1736188265
saipan,15.1355,145.701,83.1,83,40,9.22,MP,1736188341
charleston,32.7766,-79.9309,63.1,86,75,26.46,US,1736187958
palmerston north,-40.35,175.6167,53.74,96,100,2.15,NZ,1736188405
santa elena de uairen,4.6167,-61.1333,80.82,40,100,4.25,VE,1736188421
lebu,-37.6167,-73.65,64.53,69,8,12.15,CL,1736188290
okha,53.5739,142.9478,-4.74,91,21,9.75,RU,1736188423
hawaiian paradise park,19.5933,-154.9731,70.88,96,9,7.7,US,1736188424
chonchi,-42.6128,-73.8092,74.12,43,75,1.36,CL,1736188425
khanty-mansiysk,61.0042,69.0019,12.31,85,0,13.42,RU,1736188427
santo domingo de los colorados,-0.25,-79.15,78.37,76,100,3.85,EC,1736188428
big bend,-26.8167,31.9333,74.3,98,100,4.99,SZ,1736188244
hammerfest,70.6634,23.6821,21.65,79,40,3.44,NO,1736188430
whakatane,-37.9585,176.9854,57.51,95,36,6.08,NZ,1736188431
bandipura,34.4167,74.65,28.53,71,15,11.43,IN,1736188432
malakwal,32.5536,73.2123,52.7,35,0,5.84,PK,1736188434
ruy barbosa,-12.2839,-40.4939,94.71,34,65,0.6,BR,1736188435
port alfred,-33.5906,26.891,69.19,91,100,1.39,ZA,1736188436
hassi messaoud,31.6804,6.0729,57.06,62,20,2.3,DZ,1736188437
kenai,60.5544,-151.2583,35.15,82,100,16.11,US,1736188438
ad dabbah,18.05,30.95,64.54,27,2,10.42,SD,1736188441
sierra grande,-41.606,-65.3557,92.93,28,20,18.39,AR,1736188442
guerrero negro,27.9769,-114.0611,71.44,25,4,5.03,MX,1736188445
mil'kovo,55.6078,37.7956,24.35,90,100,8.34,RU,1736188446
mantua,45.1667,10.7833,44.01,93,100,3.0,IT,1736188448
tazovsky,67.4667,78.7,4.66,91,36,14.63,RU,1736188449
al bardiyah,31.7561,25.0865,58.75,74,0,4.07,LY,1736188450
silvania,-16.6589,-48.6081,77.11,80,96,7.65,BR,1736188451
egilsstadir,65.2653,-14.3948,30.11,93,100,24.16,IS,1736188452
acapulco de juarez,16.8634,-99.8901,84.02,58,75,5.75,MX,1736188292
naryshkino,52.9678,35.7268,24.31,94,100,14.54,RU,1736188455
uturoa,-16.7333,-151.4333,80.98,70,90,5.1,PF,1736188456
xiva,41.3783,60.3639,42.69,51,100,8.9,UZ,1736188457
el calafate,-50.3408,-72.2768,55.81,71,85,7.94,AR,1736188214
antalaha,-14.9003,50.2788,75.36,89,5,7.2,MG,1736188461
sitka,57.0531,-135.33,51.69,50,75,23.02,US,1736188462
kincardine,56.0667,-3.7167,37.67,93,100,7.52,GB,1736188464
fort st. john,56.2499,-120.8529,-4.11,84,75,6.91,CA,1736188465
mount gambier,-37.8333,140.7667,57.2,67,94,10.25,AU,1736188467
marataizes,-21.0433,-40.8244,78.03,80,98,9.37,BR,1736188225
qarazhal,48.0078,70.7903,25.03,94,100,4.97,KZ,1736188469
revda,56.801,59.9303,12.54,91,100,9.6,RU,1736188470
malvan,16.0667,73.4667,73.04,74,20,7.85,IN,1736188471
villa la venta,18.1,-94.05,78.33,79,96,17.56,MX,1736188473
masterton,-40.9597,175.6575,56.14,97,95,7.0,NZ,1736188474
crane,31.3974,-102.3501,41.11,30,94,5.91,US,1736188475
kattivakkam,13.2167,80.3167,78.96,71,0,7.47,IN,1736188476
la ronge,55.1001,-105.2842,-7.35,71,100,3.44,CA,1736188477
phan thiet,10.9333,108.1,72.18,84,40,3.89,VN,1736188478
ulsteinvik,62.3432,5.8487,38.75,61,100,15.99,NO,1736188480
tafuna,-14.3358,-170.72,76.95,94,100,24.16,AS,1736188320
holyhead,53.3062,-4.6321,42.73,75,75,17.27,GB,1736188482
tselinnoye,53.0833,85.6667,8.78,92,100,2.06,RU,1736188483
barda,40.3744,47.1267,42.57,79,94,9.22,AZ,1736188484
bossangoa,6.4926,17.4552,80.01,17,90,3.78,CF,1736188487
usogorsk,63.4106,48.6872,-4.49,100,92,4.43,RU,1736188488
sovetskaya gavan',48.9723,140.2878,-4.14,91,12,5.59,RU,1736188489
gorgan,36.8387,54.4348,42.76,87,75,4.61,IR,1736188490
xiaoweizhai,26.1903,107.5125,48.97,61,100,3.18,CN,1736188491
shingu,33.7333,135.9833,44.69,76,20,11.1,JP,1736188493
barysh,53.6553,47.1123,8.24,98,84,6.08,RU,1736188494
thomson,33.4707,-82.5046,52.3,77,8,1.99,US,1736188495
abalak,58.1286,68.5944,5.09,98,68,5.55,RU,1736188497
porto seguro,-16.4497,-39.0647,86.52,70,40,14.97,BR,1736188486
chegdomyn,51.1167,133.0167,-12.68,99,100,0.72,RU,1736188333
iskateley,67.6803,53.1512,4.62,91,99,15.28,RU,1736188501
sittwe,20.15,92.9,69.49,83,0,7.25,MM,1736188502
kawambwa,-9.7915,29.0791,61.59,94,68,2.3,ZM,1736188503
pulandian,39.3953,121.9669,22.3,51,5,3.67,CN,1736188504
filey,54.21,-0.2892,36.79,17,100,4.0,GB,1736188506
ipoh,4.5841,101.0829,76.95,94,40,5.01,MY,1736188507
sakit,27.45,78.8167,55.36,61,0,7.67,IN,1736188508
kisangani,0.5167,25.2,78.66,58,83,4.05,CD,1736188509
jucas,-6.5253,-39.5275,96.12,30,98,6.69,BR,1736188510
argo,37.6333,22.7333,52.66,76,58,2.15,GR,1736188511
wynyard,-41.0,145.7167,54.19,67,85,3.0,AU,1736188514
ulanhot,46.0833,122.0833,5.58,53,0,6.64,CN,1736188515
dolores,-36.3132,-57.6792,87.55,26,8,16.42,AR,1736188516
gebeit,21.0667,36.3167,58.33,38,0,2.8,SD,1736188518
santa ines,-3.6667,-45.38,91.49,50,67,3.74,BR,1736188333
chibougamau,49.9168,-74.3659,6.42,85,100,10.36,CA,1736188339
mancio lima,-7.6142,-72.8958,87.87,62,75,5.75,BR,1736188521
san andres,12.5847,-81.7006,82.42,83,40,12.66,CO,1736188522
dongola,19.1667,30.4833,64.67,36,100,11.81,SD,1736188524
mao,39.8885,4.2658,57.76,82,20,13.8,ES,1736188525
quatre cocos,-20.2078,57.7625,80.71,82,3,11.43,MU,1736188527
corinto,37.9407,22.9573,50.9,84,85,4.07,GR,1736188528
rechka-vydrino,51.485,104.8461,26.38,94,100,12.12,RU,1736188529
fortuna,40.5982,-124.1573,55.92,99,100,0.0,US,1736188530
sretensk,52.2453,117.7093,-14.67,99,100,2.3,RU,1736188531
alotau,-10.3069,150.4462,77.54,93,100,3.67,PG,1736188532
lihue,21.9789,-159.3672,74.79,83,100,9.22,US,1736188534
port douglas,-16.4833,145.4667,78.13,88,98,7.96,AU,1736188535
khabarovsk,48.4808,135.0928,-15.0,70,20,6.71,RU,1736188536
bereznik,62.8551,42.7072,9.05,95,100,6.42,RU,1736188538
hillsboro,45.5229,-122.9898,51.12,82,0,10.36,US,1736188539
tchintabaraden,15.8969,5.7985,74.43,17,100,10.47,NE,1736188540
puerto gaitan,4.3133,-72.0816,84.9,66,97,9.48,CO,1736188541
adi keyh,14.8444,39.3772,59.52,39,100,4.21,ER,1736188543
gorom-gorom,14.4439,-0.2361,81.34,14,82,7.87,BF,1736188544
rey bouba,8.6724,14.1786,79.25,15,1,4.79,CM,1736188545
severo-yeniseyskiy,60.3725,93.0408,20.59,92,100,5.88,RU,1736188546
lobito,-12.3481,13.5456,76.98,74,89,3.87,AO,1736188547
vila velha,-20.3297,-40.2925,77.95,96,75,8.05,BR,1736188549
kalmunai,7.4167,81.8167,75.72,88,99,5.59,LK,1736188550
puntarenas,9.9763,-84.8384,83.34,69,100,3.4,CR,1736188266
al bawiti,28.3492,28.8659,57.67,66,1,7.45,EG,1736188552
san matias,-16.3667,-58.4,88.3,64,88,5.03,BO,1736188553
balqash,46.8481,74.995,15.51,95,100,4.97,KZ,1736188555
dombarovskiy,50.7587,59.5386,12.25,97,100,2.59,RU,1736188557
queenstown,-31.8976,26.8753,59.25,94,100,5.26,ZA,1736188558
madang,-5.2246,145.7966,75.45,94,42,6.4,PG,1736188559
oleiros,43.3333,-8.3167,50.23,87,20,9.22,ES,1736188560
ducheng,23.2373,111.5317,52.66,49,0,2.3,CN,1736188562
ta`u,-14.2336,-169.5144,80.2,82,100,23.44,AS,1736188563
urengoy,65.9667,78.3667,6.31,91,70,15.59,RU,1736188564
prado,-17.3411,-39.2208,82.06,77,63,14.52,BR,1736188565
vanino,49.0869,140.2543,-8.09,91,16,5.01,RU,1736188566
baikunthpur,23.25,82.55,56.71,38,0,2.98,IN,1736188568
rafraf,37.1904,10.1837,59.29,48,100,8.23,TN,1736188569
tarfaya,27.9358,-12.9218,65.08,87,0,9.01,MA,1736188570
ingleside,27.8778,-97.2117,48.22,41,0,18.41,US,1736188571
mumford,5.2618,-0.759,80.65,86,100,11.88,GH,1736188572
callao,-12.0667,-77.15,73.69,78,75,12.66,PE,1736188574
edessa,37.1671,38.7939,43.34,73,0,7.2,TR,1736188575
fort mcmurray,56.7268,-111.381,-0.81,78,100,8.05,CA,1736188576
mugia,43.1041,-9.2179,52.92,63,5,12.28,ES,1736188577
port lincoln,-34.7333,135.8667,60.35,70,2,18.92,AU,1736188578
bocana de paiwas,12.7857,-85.1227,81.64,74,89,11.41,NI,1736188579
balakhta,55.38,91.6,0.52,100,100,1.12,RU,1736188332
trincomalee,8.5711,81.2335,79.23,80,80,10.6,LK,1736188472
mitu,1.1983,-70.1733,78.44,95,100,1.14,CO,1736188584
bobo-dioulasso,11.1771,-4.2979,86.45,21,8,5.75,BF,1736188426
axim,4.8699,-2.2405,80.8,83,89,8.05,GH,1736188587
defuniak springs,30.721,-86.1152,42.89,70,100,17.27,US,1736188588
cockburn town,21.4612,-71.1419,78.76,65,40,9.22,TC,1736188589
new norfolk,-42.7826,147.0587,48.7,95,0,2.13,AU,1736188590
brisas de zicatela,15.8369,-97.0419,84.72,79,0,8.05,MX,1736188591
happy valley-goose bay,53.3168,-60.3315,35.91,93,100,13.8,CA,1736188593
cam pha mines,21.0167,107.3,56.03,73,5,5.23,VN,1736188594
brokopondo,4.75,-55.1667,84.0,62,96,6.67,SR,1736188595
okondja,-0.6549,13.6753,71.89,97,100,3.8,GA,1736188599
dakhla,23.6848,-15.958,66.22,72,0,17.27,EH,1736188601
flin flon,54.7682,-101.865,-5.96,77,20,11.5,CA,1736188603
rimavska sobota,48.3828,20.0224,36.86,97,100,3.74,SK,1736188604
port macquarie,-31.4333,152.9167,68.07,94,100,1.01,AU,1736188605
north ward,-19.2454,146.8075,76.91,83,75,5.75,AU,1736188606
trondheim,63.4305,10.3951,19.99,90,100,12.93,NO,1736188608
sharlyk,52.9167,54.75,-4.72,100,100,3.83,RU,1736188609
billings,45.7833,-108.5007,21.29,79,100,5.99,US,1736188612
ebon,4.582,168.6964,81.81,75,100,20.4,MH,1736188613
kiunga,-6.1219,141.2906,73.18,99,100,1.66,PG,1736188614
tottori,35.5,134.2333,39.87,86,71,13.58,JP,1736188615
newman,37.3138,-121.0208,56.23,61,100,4.97,US,1736188617
sanctuary point,-35.1114,150.629,64.02,92,100,16.11,AU,1736188618
amungan,15.3652,119.9582,76.78,79,98,1.05,PH,1736188619
steinbach,50.1667,8.5667,49.57,75,75,14.97,DE,1736188620
betio village,1.358,172.9211,80.64,77,46,15.59,KI,1736188621
ketchikan,55.3422,-131.6461,45.34,93,40,6.91,US,1736188623
peace river,56.2501,-117.286,-0.09,84,0,10.36,CA,1736188624
juegang,32.3174,121.1855,33.69,61,0,8.68,CN,1736188625
sisimiut,66.9395,-53.6735,23.18,79,100,9.37,GL,1736188626
fallon,39.4735,-118.7774,43.11,77,75,0.0,US,1736188627
santa ana,33.7456,-117.8678,71.24,40,40,1.99,US,1736188240
phan rang-thap cham,11.5667,108.9833,68.43,88,4,5.48,VN,1736188630
constantia,44.1833,28.65,39.88,71,2,9.19,RO,1736188513
urangan,-25.3,152.9,70.88,75,2,8.79,AU,1736188632
ponta delgada,37.7333,-25.6667,65.19,94,75,19.57,PT,1736188633
codrington,-38.2667,141.9667,55.18,70,7,12.73,AU,1736188634
riverton,40.5219,-111.9391,38.34,83,100,4.0,US,1736188635
ayr,55.4627,-4.6339,35.51,89,20,5.75,GB,1736188637
limon,10.0,-83.0333,82.29,78,75,10.36,CR,1736188459
vila do maio,15.1333,-23.2167,73.54,65,0,15.84,CV,1736188640
adrar,20.5022,-10.0711,64.47,18,0,10.29,MR,1736188641
medicine hat,50.0501,-110.6683,13.71,80,100,2.3,CA,1736188644
negombo,7.2083,79.8358,73.45,100,20,4.61,LK,1736188645
verkhnevilyuysk,63.4453,120.3167,-44.07,100,70,2.98,RU,1736188646
conduaga,8.862,117.4893,77.27,90,6,1.66,PH,1736188647
labuan,5.2767,115.2417,80.96,88,40,3.44,MY,1736188649
leeton,-34.5667,146.4,60.1,70,100,7.56,AU,1736188650
tavda,58.0425,65.2726,10.06,93,6,7.14,RU,1736188651
bengkulu,-3.8004,102.2655,74.95,91,100,4.94,ID,1736188652
chifeng,42.2683,118.9636,16.93,50,0,13.51,CN,1736188653
solleftea,63.1667,17.2667,3.06,97,100,2.98,SE,1736188654
vega de alatorre,20.0333,-96.6333,66.06,91,97,26.33,MX,1736188656
yeppoon,-23.1333,150.7333,75.15,72,3,9.64,AU,1736188657
vrangel',42.7297,133.0839,18.75,56,0,11.54,RU,1736188658
kurumkan,54.3,110.3,-6.38,92,90,4.09,RU,1736188659
zaki biam,7.5167,9.6167,81.0,15,93,5.5,NG,1736188660
laguna,38.421,-121.4238,54.23,84,0,6.91,US,1736188661
portland,45.5234,-122.6762,51.1,81,20,11.99,US,1736188066
rehoboth,-23.3167,17.0833,81.55,30,5,7.09,NA,1736188664
karoi,-16.8099,29.6925,63.97,90,100,7.31,ZW,1736188665
demyansk,57.643,32.466,20.25,87,100,8.5,RU,1736188667
mabaruma,8.2,-59.7833,85.86,55,21,7.78,GY,1736188668
powell river,49.8496,-124.5361,41.27,100,75,2.3,CA,1736188504
geraldton,-28.7667,114.6,73.81,73,0,8.05,AU,1736188670
turiacu,-1.6633,-45.3717,82.18,74,100,7.85,BR,1736188671
arquitecto tomas romero pereira,-26.4833,-55.25,92.75,20,99,5.46,PY,1736188672
mezzouna,34.5776,9.8419,57.9,49,100,6.91,TN,1736188674
reggane,26.7158,0.1714,61.74,32,0,6.46,DZ,1736188675
gisborne,-38.6533,178.0042,60.17,84,75,16.55,NZ,1736188676
krasnokamensk,50.0979,118.0369,-10.66,94,88,4.27,RU,1736188677
kapa'a,22.0752,-159.319,75.52,91,100,9.22,US,1736188678
aioun,16.6614,-9.6149,73.13,8,0,10.47,MR,1736188679
pingzhuang,42.0372,119.2889,17.53,50,1,12.71,CN,1736188589
nguigmi,14.2495,13.1092,70.74,21,28,13.15,NE,1736188682
saudarkrokur,65.7461,-19.6394,22.78,87,100,13.51,IS,1736188683
kurmuk,10.55,34.2833,78.39,27,6,5.37,SD,1736188684
tugulym,57.0591,64.6425,6.89,96,14,5.01,RU,1736188685
chusovoy,58.3013,57.8131,13.26,94,100,8.39,RU,1736188687
arauca,7.0847,-70.7591,85.96,70,75,3.44,CO,1736188688
iraquara,-12.2486,-41.6194,89.33,37,100,7.52,BR,1736188689
nova sintra,14.8667,-24.7167,75.18,69,0,13.65,CV,1736188691
rurrenabaque,-14.4413,-67.5278,76.89,100,75,5.75,BO,1736188693
mertola,37.6592,-7.6643,49.24,86,2,6.73,PT,1736188694
bani mazar,28.5036,30.8004,60.17,60,0,8.5,EG,1736188695
les cayes,18.2,-73.75,80.94,63,69,5.64,HT,1736188696
sidney,-33.8679,151.2073,70.36,87,100,14.97,AU,1736188697
zvezdnyy,57.7325,56.3147,19.99,90,100,9.91,RU,1736188698
bodaybo,57.8506,114.1933,-19.07,100,93,1.52,RU,1736188700
nishinoomote,30.7333,131.0,52.52,68,100,31.79,JP,1736188701
yaring,6.8662,101.3689,76.82,88,100,6.91,TH,1736188702
kijang,35.2442,129.2139,29.93,56,0,12.33,KR,1736188703
la paz,-16.5,-68.15,58.57,60,75,9.22,BO,1736188449
pemba,-12.974,40.5178,79.32,85,100,9.64,MZ,1736188706
miches,18.9836,-69.0476,77.65,82,88,11.18,DO,1736188707
dunedin,-45.8742,170.5036,56.41,66,94,7.11,NZ,1736188677
taxco de alarcon,18.55,-99.6,74.5,32,100,3.6,MX,1736188710
jindabyne,-36.4167,148.6333,49.57,95,100,5.01,AU,1736188711
banlung,13.7468,107.0045,59.27,99,79,3.29,KH,1736188712
holualoa,19.6228,-155.9522,71.83,96,0,10.36,US,1736188713
coari,-4.085,-63.1414,86.54,66,38,2.1,BR,1736188558
mawu,34.4307,104.9176,22.28,68,100,3.11,CN,1736188716
guanica,17.9716,-66.908,86.38,65,81,18.25,PR,1736188717
mana,5.6592,-53.7767,82.06,69,97,10.69,GF,1736188718
damghan,36.1683,54.348,36.63,42,100,1.32,IR,1736188720
margate,51.3813,1.3862,39.87,82,87,1.01,GB,1736188629
gemlik,40.4309,29.1597,47.39,69,10,1.48,TR,1736188722
kodinsk,58.6881,99.1844,-12.5,100,85,3.15,RU,1736188723
muzaffarabad,34.37,73.4711,44.17,57,0,4.74,PK,1736188724
northam,51.0333,-4.2167,41.81,75,100,4.0,GB,1736188725
dapa,9.7594,126.0531,79.23,82,100,2.51,PH,1736188727
sredneuralsk,56.9892,60.4666,13.03,90,97,7.65,RU,1736188728
bandar,2.05,99.75,72.39,97,100,0.96,ID,1736188729
xam nua,20.4197,104.0439,48.42,91,0,2.53,LA,1736188730
cortina d'ampezzo,46.5384,12.1377,34.36,97,100,5.57,IT,1736188732
pitimbu,-7.4706,-34.8086,81.61,70,42,12.66,BR,1736188733
olbia,40.9214,9.4856,50.05,81,0,1.14,IT,1736188734
colares,38.7992,-9.4469,54.37,71,20,5.75,PT,1736188735
andergrove,-21.0833,149.1833,77.45,73,60,10.76,AU,1736188738
quillacollo,-17.4,-66.2833,59.07,100,100,6.91,BO,1736188739
tshabong,-26.05,22.45,85.62,31,100,4.74,BW,1736188740
dimbokro,6.6451,-4.7048,88.38,30,49,2.17,CI,1736188741
porto novo,6.4965,2.6036,84.02,81,100,7.58,BJ,1736188742
juneau,58.3019,-134.4197,39.42,100,100,5.91,US,1736188744
rayevskiy,54.0658,54.9468,5.61,97,63,6.71,RU,1736188745
sabak bernam,3.7698,100.9879,73.9,97,100,4.34,MY,1736188746
khandyga,62.6667,135.6,-31.4,99,87,0.83,RU,1736188748
taos,36.4072,-105.5731,35.98,43,100,7.11,US,1736188749
al qaryatayn,34.2296,37.2407,43.25,71,1,4.03,SY,1736188750
puerto carreno,6.189,-67.4859,93.18,49,40,10.36,CO,1736188751
huetamo de nunez,18.5833,-100.8833,89.74,29,100,3.6,MX,1736188752
taltal,-25.4,-70.4833,70.2,73,24,6.55,CL,1736188754
umba,66.6871,34.3429,-7.46,100,94,6.4,RU,1736188755
riviere-du-loup,47.8304,-69.5342,13.08,79,100,5.75,CA,1736188756
opuwo,-18.0607,13.84,74.07,41,98,11.9,NA,1736188757
antonio enes,-16.2325,39.9086,81.72,76,2,14.23,MZ,1736188759
weno,7.4515,151.8468,80.55,83,40,11.5,FM,1736188760
tingo maria,-9.2895,-76.0088,80.91,74,75,5.75,PE,1736188605
kulhudhuffushi,6.6221,73.07,81.09,77,14,9.82,MV,1736188763
walvis bay,-22.9575,14.5053,64.94,74,20,17.54,NA,1736188764
san antonio de pale,-1.4014,5.6325,79.74,80,100,6.91,GQ,1736188765
montepuez,-13.1256,38.9997,70.54,93,65,4.07,MZ,1736188766
rongelap,11.1635,166.8941,80.46,68,96,23.67,MH,1736188767
goris,41.9842,44.1158,32.79,82,16,3.0,GE,1736188769
korsakov,46.6328,142.7813,21.04,88,100,8.52,RU,1736188770
katsuren-haebaru,26.3369,127.8719,60.82,57,75,16.11,JP,1736188771
yuzhno-kurilsk,44.0306,145.8556,35.56,99,100,3.74,RU,1736188772
skeldon,5.8833,-57.1333,84.67,57,65,8.88,GY,1736188775
luanda,-8.8368,13.2343,82.4,69,75,10.36,AO,1736188776
nadym,65.5333,72.5167,9.95,88,100,23.04,RU,1736188778
olyokminsk,60.3736,120.4264,-34.64,99,94,0.54,RU,1736188779
tanjung selor,2.8372,117.3642,74.01,99,22,1.79,ID,1736188781
sao gabriel da cachoeira,-0.1303,-67.0892,85.8,79,40,6.91,BR,1736188782
mata-utu,-13.2816,-176.1745,80.19,85,100,33.4,WF,1736188783
kabale,-1.2486,29.9899,59.25,79,72,1.43,UG,1736188784
bathsheba,13.2167,-59.5167,84.81,65,40,19.57,BB,1736188785
berber,18.0216,33.983,65.95,20,13,13.47,SD,1736188786
hell-ville,-13.4,48.2667,81.79,71,26,4.14,MG,1736188788
carutapera,-1.195,-46.02,81.36,73,100,6.55,BR,1736188775
chauk,20.8833,94.8167,70.79,60,0,1.7,MM,1736188790
barcelos,41.5388,-8.6151,47.41,85,22,2.1,PT,1736188791
velikiye luki,56.34,30.5452,24.82,85,100,11.7,RU,1736188792
tumut,-35.3,148.2167,62.11,91,100,2.91,AU,1736188793
cobadin,44.0833,28.2167,42.12,66,0,7.52,RO,1736188795
ambon,-3.6954,128.1814,79.88,95,40,3.44,ID,1736188796
lumajang,-8.1335,113.2248,75.88,89,100,1.79,ID,1736188797
kota belud,6.351,116.4305,75.65,88,14,3.85,MY,1736188798
cill airne,52.05,-9.5167,35.65,87,20,5.75,IE,1736188799
san pedro pochutla,15.7333,-96.4667,90.72,49,2,8.28,MX,1736188800
manokwari,-0.8667,134.0833,78.35,82,57,2.53,ID,1736188802
mandera,3.9366,41.867,81.0,19,9,10.49,KE,1736188803
arraial do cabo,-22.9661,-42.0278,84.16,74,20,14.97,BR,1736188804
kourou,5.1552,-52.6478,82.27,66,73,8.9,GF,1736188805
kidal,18.4411,1.4078,74.75,16,94,7.99,ML,1736188807
severoural'sk,60.1533,59.952,1.56,94,100,4.32,RU,1736188808
xilin hot,43.9667,116.0333,6.03,88,18,9.37,CN,1736188809
illizi,26.4833,8.4667,62.02,24,32,4.45,DZ,1736188810
giresun,40.5,38.5,15.89,93,78,6.62,TR,1736188811
dungannon,54.5034,-6.7672,33.3,76,13,12.1,GB,1736188813
strezhevoy,60.7333,77.5889,8.24,98,92,6.04,RU,1736188814
dwarka,22.2394,68.9678,67.75,45,1,12.77,IN,1736188753
mehendiganj,22.8167,90.5333,65.53,80,0,6.02,BD,1736188817
la'ie,21.6477,-157.9253,76.05,71,0,6.64,US,1736188818
navlya,52.8281,34.4989,25.99,93,100,11.23,RU,1736188819
sakaiminato,35.55,133.2333,42.78,75,75,17.27,JP,1736188821
katpur,21.05,71.7833,65.53,39,1,14.41,IN,1736188822
selfoss,63.9331,-20.9971,12.9,86,9,10.56,IS,1736188823
kittila,67.6647,24.8936,12.34,92,100,4.61,FI,1736188824
soro,21.2881,86.6858,63.54,71,0,4.88,IN,1736188825
ingeniero jacobacci,-41.3427,-69.5448,88.75,4,78,19.01,AR,1736188827
duobao,30.67,112.6895,44.02,25,100,6.51,CN,1736188828
pacasmayo,-7.4006,-79.5714,74.23,73,100,12.44,PE,1736188987
tarawa,1.419,172.984,80.69,83,75,6.91,KI,1736188989
campechuela,20.2342,-77.2789,79.32,55,95,7.52,CU,1736188990
flying fish cove,-10.4217,105.6791,78.48,94,100,4.61,CX,1736188819
port-aux-francais,-49.35,70.2167,43.09,83,100,18.99,TF,1736188992
goroka,-6.0834,145.3873,58.84,98,100,1.21,PG,1736188993
tamanrasset,22.785,5.5228,57.11,21,0,6.91,DZ,1736188994
nogliki,51.8333,143.1667,8.11,97,100,14.0,RU,1736188995
grytviken,-54.2811,-36.5092,54.39,63,89,13.87,GS,1736188997
puerto natales,-51.7236,-72.4875,55.85,62,75,9.22,CL,1736188998
karratha,-20.7377,116.8463,87.58,59,14,11.59,AU,1736188999
punta arenas,-53.15,-70.9167,57.31,51,40,12.66,CL,1736188851
yellowknife,62.456,-114.3525,-13.59,92,100,16.11,CA,1736189001
al abyar,32.19,20.5965,55.15,80,100,1.12,LY,1736189003
iqaluit,63.7506,-68.5145,17.33,86,100,0.0,CA,1736189004
puerto deseado,-47.7503,-65.8938,63.77,64,100,14.85,AR,1736189005
kavieng,-2.5744,150.7967,82.18,75,16,2.89,PG,1736189006
olonkinbyen,70.9221,-8.7187,25.25,62,51,11.23,SJ,1736189007
remire-montjoly,4.9167,-52.2667,86.04,66,75,13.8,GF,1736189008
port elizabeth,-33.918,25.5701,70.09,88,40,3.44,ZA,1736189010
blackmans bay,-43.0167,147.3167,47.52,84,3,1.01,AU,1736189011
san patricio,28.017,-97.5169,48.15,27,0,15.7,US,1736189012
magadan,59.5667,150.8,6.01,63,100,7.65,RU,1736189013
pontes e lacerda,-15.2261,-59.3353,86.79,65,52,6.42,BR,1736189014
bethel,41.3712,-73.414,28.02,81,100,4.0,US,1736189015
west island,-12.1568,96.8225,82.38,83,20,10.36,CC,1736189017
mejit,10.2753,170.8646,80.28,70,37,22.19,MH,1736189018
pamiers,43.0833,1.5,46.11,55,100,7.61,FR,1736189019
college,64.8569,-147.8028,9.07,82,75,0.0,US,1736188740
antsiranana,-12.2787,49.2917,75.81,87,96,7.11,MG,1736189021
mount pearl,47.5166,-52.7813,36.32,97,100,14.97,CA,1736189023
albany,42.6001,-73.9662,20.64,67,100,8.25,US,1736188935
kalymnos,36.95,26.9833,54.93,82,20,2.3,GR,1736189025
karamay,45.6004,84.8661,13.14,93,88,3.78,CN,1736189026
puerto baquerizo moreno,-0.9,-89.6,83.39,61,20,14.97,EC,1736189027
doka,13.5167,35.7667,77.23,19,10,14.58,SD,1736189028
novodvinsk,64.4165,40.8122,10.15,95,100,5.95,RU,1736189030
horni pocernice,50.1121,14.6104,39.18,91,0,5.01,CZ,1736189031
port isabel,26.0734,-97.2086,52.03,54,0,24.0,US,1736189032
bredasdorp,-34.5322,20.0403,63.21,66,0,4.43,ZA,1736189033
itigi,-5.7,34.4833,67.12,71,100,2.51,TZ,1736189034
edinburgh of the seven seas,-37.0676,-12.3116,63.14,88,97,22.82,SH,1736189035
ushuaia,-54.8,-68.3,58.66,38,40,14.97,AR,1736188843
waitangi,-43.9535,-176.5597,64.81,89,6,3.0,NZ,1736189039
quelimane,-17.8786,36.8883,80.55,74,40,3.44,MZ,1736189040
san mateo del mar,16.2,-95.0,84.45,58,100,33.44,MX,1736189041
jumla,29.2747,82.1838,31.14,64,1,5.84,NP,1736189042
posto fiscal rolim de moura,-13.0833,-62.2667,89.56,53,51,4.0,BR,1736189044
talnakh,69.4865,88.3972,14.58,91,100,24.29,RU,1736189045
hasaki,35.7333,140.8333,49.68,87,63,10.27,JP,1736189046
thompson,55.7435,-97.8558,-7.44,71,20,10.36,CA,1736189047
papatowai,-46.5619,169.4708,60.39,64,84,1.83,NZ,1736189048
kudahuvadhoo,2.6708,72.8944,80.65,78,29,3.85,MV,1736188803
nemuro,43.3236,145.575,34.52,98,100,23.73,JP,1736189051
tiksi,71.6872,128.8694,-20.78,90,2,8.01,RU,1736189052
udachny,66.4167,112.4,-27.58,99,53,5.44,RU,1736188827
northwood,40.4728,-83.7324,26.55,96,100,19.57,US,1736189054
corrientes,-27.4806,-58.8341,96.94,33,0,10.0,AR,1736188859
adamstown,-25.066,-130.1015,74.89,75,60,6.33,PN,1736189056
nenjiang,49.1833,125.2167,6.75,95,100,9.57,CN,1736189057
bikenibeu village,1.3673,173.1241,80.56,83,75,6.91,KI,1736189059
aykhal,66.0,111.5,-20.99,99,54,7.83,RU,1736189060
st. john's,47.5649,-52.7093,37.15,96,100,14.97,CA,1736188814
cuero,29.0939,-97.2892,45.01,41,4,7.0,US,1736189062
nowy tomysl,52.3195,16.1284,41.13,81,100,14.14,PL,1736189063
kerikeri,-35.2268,173.9474,61.92,83,11,5.01,NZ,1736189065
sitangkai,4.6628,119.3928,81.64,79,12,6.02,PH,1736189066
yangiqo'rg'on,41.1906,71.7257,30.85,69,1,4.18,UZ,1736189067
margaret river,-33.95,115.0667,63.18,84,85,6.98,AU,1736189068
moyynkum,44.2914,72.9469,32.36,78,63,7.02,KZ,1736189069
beipiao,41.7919,120.7792,17.92,52,0,8.05,CN,1736189070
atafu village,-8.5421,-172.5159,81.5,79,100,15.55,TK,1736189072
bilibino,68.0546,166.4372,-25.65,80,4,1.7,RU,1736189073
avarua,-21.2078,-159.775,80.65,78,40,8.05,CK,1736189074
puyang chengguanzhen,35.7028,115.0053,29.61,31,0,7.49,CN,1736189075
vorgashor,67.5833,63.95,6.1,95,100,15.52,RU,1736189076
tura,25.5198,90.2201,61.93,67,15,3.11,IN,1736189077
fulton,33.7668,-84.4499,41.41,71,100,21.85,US,1736189079
thinadhoo,0.5333,72.9333,81.91,76,14,8.97,MV,1736189080
carnarvon,-24.8667,113.6333,75.65,83,0,14.97,AU,1736189081
georgetown,5.4112,100.3354,82.33,82,20,3.44,MY,1736188957
lorengau,-2.0226,147.2712,79.99,81,8,0.6,PG,1736189083
jamestown,42.097,-79.2353,24.03,90,100,10.36,US,1736189084
wenling,28.3669,121.36,42.49,66,97,8.48,CN,1736189086
petropavlovsk-kamchatsky,53.0452,158.6483,21.79,93,75,2.24,RU,1736189087
zouerate,22.7187,-12.4521,64.71,19,0,9.1,MR,1736189088
trairi,-3.2778,-39.2689,84.07,69,100,13.58,BR,1736188831
hermanus,-34.4187,19.2345,66.79,70,2,6.13,ZA,1736189057
qaqortoq,60.7167,-46.0333,17.94,73,91,8.1,GL,1736189092
antofagasta,-23.65,-70.4,69.08,74,37,7.78,CL,1736188978
larroque,-33.036,-59.0013,96.19,12,38,10.29,AR,1736189094
belmonte,-15.8631,-38.8828,83.08,73,3,11.77,BR,1736189095
rio grande,-32.035,-52.0986,71.94,64,18,13.78,BR,1736188817
kwang binh,17.4833,106.6,64.58,84,92,2.62,VN,1736188813
geneina,13.45,22.45,67.37,16,0,15.08,SD,1736189099
tianchang,37.9981,114.0156,30.96,27,0,11.34,CN,1736189100
ilulissat,69.2167,-51.1,28.42,59,75,14.97,GL,1736189042
port mathurin,-19.6833,63.4167,78.69,83,0,20.89,MU,1736189102
fort bragg,35.139,-79.006,48.9,94,100,4.61,US,1736189104
bekondo,4.6819,9.3214,76.26,75,81,2.51,CM,1736189105
anadyr,64.75,177.4833,-3.5,77,0,6.71,RU,1736189105
pekan,3.4836,103.3996,77.52,82,99,9.26,MY,1736189107
kailua-kona,19.6406,-155.9956,75.56,81,0,10.36,US,1736189108
igarka,67.4667,86.5833,22.95,95,100,18.75,RU,1736188963
manacapuru,-3.2997,-60.6206,85.37,64,96,1.01,BR,1736189111
saint-pierre,-21.3393,55.4781,80.28,74,0,2.3,RE,1736189112
leava,-14.3,-178.1667,81.82,83,100,30.24,WF,1736189113
klyuchi,52.2667,79.1667,12.09,94,100,5.84,RU,1736189114
enewetak,11.3474,162.3373,80.53,79,32,23.44,MH,1736189115
puerto ayora,-0.7393,-90.3518,78.55,89,79,8.01,EC,1736189117
ribeira grande,38.5167,-28.7,66.78,88,75,30.0,PT,1736189118
palmer,42.1584,-72.3287,25.52,61,75,0.0,US,1736188977
plastun,44.7561,136.2939,7.05,78,3,5.41,RU,1736189120
at taj,24.2049,23.2857,58.08,57,100,9.31,LY,1736189121
spring creek,40.7266,-115.5859,33.89,88,100,3.83,US,1736189122
new kingman-butler,35.265,-114.0323,58.8,20,0,1.99,US,1736189123
haiku-pauwela,20.9219,-156.3051,75.2,83,40,12.66,US,1736189125
afaahiti,-17.75,-149.2833,78.67,66,81,4.94,PF,1736189126
lukolela,-1.0605,17.1821,76.66,76,61,2.24,CD,1736189128
namibe,-15.1961,12.1522,72.27,81,99,10.49,AO,1736189129
ancud,-41.8697,-73.8203,63.36,65,100,9.46,CL,1736189131
goure,13.9835,10.2704,69.58,18,15,9.69,NE,1736189132
viedma,-40.8135,-62.9967,101.73,12,100,5.48,AR,1736189133
homer,59.6425,-151.5483,42.69,78,100,13.8,US,1736189135
kasserine,35.1676,8.8365,48.67,65,100,8.55,TN,1736189137
villa gesell,-37.2639,-56.973,68.11,64,96,17.81,AR,1736189078
touros,-5.1989,-35.4608,83.14,67,100,14.47,BR,1736189139
buala,-8.145,159.5921,78.85,79,100,5.28,SB,1736189140
moroni,-11.7022,43.2551,80.31,79,25,3.15,KM,1736189141
east london,-33.0153,27.9116,68.94,94,100,4.61,ZA,1736188907
bitche,49.0501,7.4267,44.89,84,99,11.97,FR,1736188871
dudinka,69.4058,86.1778,17.06,93,100,27.29,RU,1736189145
longyearbyen,78.2186,15.6401,6.64,78,20,9.22,SJ,1736189146
susuman,62.7833,148.1667,-30.14,99,100,0.58,RU,1736188972
wailua homesteads,22.0669,-159.378,74.19,90,100,9.22,US,1736189148
brewton,31.1052,-87.0722,43.83,52,6,14.05,US,1736189150
praia da vitoria,38.7333,-27.0667,66.45,88,75,29.57,PT,1736189151
vilyuysk,63.7553,121.6247,-38.61,100,95,4.63,RU,1736189152
sao vicente,-23.9631,-46.3919,77.99,35,100,7.0,BR,1736189153
mauganj,24.6833,81.8833,59.47,48,0,4.94,IN,1736189154
hithadhoo,-0.6,73.0833,80.78,81,0,9.8,MV,1736189155
kashary,49.04,41.0056,27.01,56,100,9.4,RU,1736189157
la passe,45.5549,-0.8967,49.69,72,2,13.62,FR,1736189158
usinsk,65.9939,57.5281,-0.96,96,99,14.97,RU,1736189159
ishigaki,24.3448,124.1572,59.13,67,100,10.36,JP,1736189160
isangel,-19.55,169.2667,76.87,85,94,15.52,VU,1736189161
gutao,37.2025,112.1781,24.78,32,0,5.53,CN,1736189162
keflavik,64.0049,-22.5624,27.03,74,20,26.46,IS,1736189164
invercargill,-46.4,168.35,56.01,88,65,3.29,NZ,1736189139
tralee,52.2704,-9.7026,37.65,81,75,6.91,IE,1736189166
nouadhibou,20.931,-17.0347,76.98,29,0,9.22,MR,1736189167
yatou,37.15,122.3833,29.07,55,43,11.12,CN,1736189168
alice springs,-23.7,133.8833,80.15,36,6,6.91,AU,1736189169
kapuskasing,49.4169,-82.4331,5.09,78,100,10.36,CA,1736188932
siwa oasis,29.2041,25.5195,60.75,52,0,5.5,EG,1736189172
kununurra,-15.7667,128.7333,80.58,83,94,0.0,AU,1736188958
kolonia,50.9333,6.95,46.45,73,40,14.97,DE,1736189174
pisco,-13.7,-76.2167,73.45,83,0,10.36,PE,1736189175
essaouira,31.5125,-9.77,65.7,82,40,5.75,MA,1736189176
nuuk,64.1835,-51.7216,23.61,74,40,6.91,GL,1736189178
misliyah,17.4599,42.5572,76.62,69,27,2.15,SA,1736189179
lakatoro,-16.0999,167.4164,78.08,89,100,4.09,VU,1736189180
olds,51.7834,-114.102,15.57,88,76,1.77,CA,1736189100
kodiak,57.79,-152.4072,36.91,93,100,24.16,US,1736189094
castillos,-34.1667,-53.8333,72.01,50,20,10.67,UY,1736189183
ust-nera,64.5667,143.2,-24.2,96,95,1.9,RU,1736189185
palikir - national government center,6.9248,158.1611,81.34,78,100,5.75,FM,1736189186
fale old settlement,-9.3852,-171.2468,81.63,78,87,17.43,TK,1736189187
whitehorse,60.7161,-135.0538,20.01,85,75,23.02,CA,1736189188
acajutla,13.5928,-89.8275,84.49,60,9,8.5,SV,1736189189
nanuque,-17.8392,-40.3539,86.94,60,56,2.73,BR,1736189190
kampene,-3.6,26.6667,68.67,99,100,1.97,CD,1736189192
narok,-1.0783,35.8601,59.49,72,72,5.08,KE,1736189193
jwaneng,-24.6004,24.7303,67.51,89,100,1.32,BW,1736189194
hanzhong,33.0728,107.0303,41.05,44,100,3.8,CN,1736189195
cabo san lucas,22.8909,-109.9124,77.5,55,0,5.75,MX,1736188999
san fernando,15.0286,120.6898,76.73,90,100,2.57,PH,1736189197
north platte,41.1239,-100.7654,17.08,81,0,4.61,US,1736189199
laurel,39.0993,-76.8483,28.72,90,100,9.22,US,1736189200
islamorada,24.9243,-80.6278,69.57,84,27,12.77,US,1736189088
mbandaka,0.0487,18.2603,76.96,79,100,4.56,CD,1736189202
pyapon,16.2833,95.6833,69.03,74,0,6.29,MM,1736189203
marsh harbour,26.5412,-77.0636,74.43,59,0,20.56,BS,1736189206
sambava,-14.2667,50.1667,77.59,87,7,9.48,MG,1736189207
taoudenni,22.6783,-3.9836,66.78,19,0,8.59,ML,1736189208
sihanoukville,10.6093,103.5296,71.55,88,100,4.61,KH,1736189209
akureyri,65.6835,-18.0878,28.33,80,100,13.8,IS,1736189210
tolanaro,-25.0319,46.9987,82.47,74,0,18.41,MG,1736189212
fada,7.25,4.0667,81.07,68,75,5.55,NG,1736189213
santa fe de antioquia,6.5569,-75.8281,88.18,59,64,2.21,CO,1736189214
mount isa,-20.7333,139.5,69.57,56,5,0.0,AU,1736189215
vila franca do campo,37.7167,-25.4333,64.89,99,100,21.03,PT,1736189216
chany,55.3121,76.7647,18.63,98,100,5.01,RU,1736189218
dobrotesti,44.2833,24.8833,39.54,67,6,3.06,RO,1736189219
kone,-21.0595,164.8658,72.93,85,99,3.0,NC,1736189220
itoman,26.1247,127.6694,60.82,55,75,23.02,JP,1736189221
sarykemer,43.0,71.5,31.48,60,8,4.88,KZ,1736189222
cidreira,-30.1811,-50.2056,72.95,72,25,13.38,BR,1736189223
makarov,48.6333,142.8,15.13,86,51,6.42,RU,1736189224
preobrazheniye,42.9019,133.9064,17.8,65,25,6.4,RU,1736189226
semnan,35.5729,53.3971,39.49,44,96,3.33,IR,1736189227
gadzhiyevo,69.2551,33.3362,-4.43,100,100,7.76,RU,1736189228
ocean shores,46.9737,-124.1563,47.95,90,75,12.66,US,1736189229
sao joao da barra,-21.6403,-41.0511,82.49,83,47,6.42,BR,1736189230
karungdong,5.8844,121.263,79.2,85,22,3.02,PH,1736189232
tazacorte,28.629,-17.9293,67.17,87,75,2.3,ES,1736189233
feurs,45.7399,4.2271,50.58,74,100,5.79,FR,1736189234
aasiaat,68.7098,-52.8699,20.26,87,100,8.52,GL,1736189235
tchaourou,8.8865,2.5975,84.94,14,48,4.76,BJ,1736189236
idri,27.5,13.2667,60.93,44,100,9.08,LY,1736189237
shenjiamen,29.9576,122.298,43.7,61,70,13.67,CN,1736189239
klaksvik,62.2266,-6.589,37.17,60,74,30.6,FO,1736189240
port saint john's,-31.6229,29.5448,70.81,88,100,2.75,ZA,1736189241
luau,-10.7073,22.2247,64.54,94,100,4.43,AO,1736189242
saint-francois,46.4154,3.9054,45.84,68,100,12.66,FR,1736189243
manaure,11.7751,-72.4445,86.86,60,100,17.65,CO,1736189244
badger,64.8,-147.5333,8.37,85,75,0.0,US,1736189246
stanley,54.868,-1.6985,35.53,83,20,16.11,GB,1736189247
vadso,70.0744,29.7487,19.56,73,75,14.97,NO,1736189248
howrah,22.5892,88.3103,64.4,77,0,3.44,IN,1736189249
melenki,55.3343,41.6295,14.7,98,99,5.19,RU,1736189250
ujae,8.9322,165.7642,81.88,68,100,18.48,MH,1736189253
bereket,39.2446,55.5154,44.22,86,78,11.18,TM,1736189254
los aquijes,-14.0967,-75.6908,89.08,38,72,12.64,PE,1736189255
vilyuchinsk,52.9306,158.4028,23.27,92,100,4.09,RU,1736189256
olinda,-8.0089,-34.8553,83.93,74,75,11.5,BR,1736189257
hamilton,39.1834,-84.5333,27.9,90,100,19.57,US,1736189143
yadrin,55.9405,46.2062,7.07,99,97,4.47,RU,1736189260
polyarnyy,69.1989,33.4478,-4.67,100,100,8.61,RU,1736189261
longido,-2.7333,36.6833,66.52,72,40,13.09,TZ,1736189262
el vigia,8.6219,-71.6506,82.09,78,100,3.09,VE,1736189263
zheleznodorozhnyy,55.7503,38.0042,21.09,91,100,7.52,RU,1736189266
lagoa,39.05,-27.9833,64.18,81,100,23.91,PT,1736189267
dalbandin,28.8947,64.4101,43.05,43,0,6.22,PK,1736189268
itaporanga,-7.3044,-38.1503,98.28,22,78,10.4,BR,1736189269
lompoc,34.6391,-120.4579,65.52,62,0,7.0,US,1736189270
san jose del cabo,23.0589,-109.6977,81.14,31,0,10.36,MX,1736189271
labrador city,52.9463,-66.9114,23.18,83,100,28.01,CA,1736189273
midleton,51.9153,-8.1805,35.74,87,10,11.95,IE,1736189274
utrik,11.2278,169.8474,79.86,74,86,22.1,MH,1736189275
eyl,7.9803,49.8164,73.4,72,31,16.26,SO,1736189276
broken hill,-31.95,141.4333,62.73,63,0,17.27,AU,1736189277
namtsy,62.7161,129.6658,-30.28,95,100,3.89,RU,1736189278
nar'yan-mar,67.6713,53.087,4.21,92,99,15.12,RU,1736189280
kalevala,65.2,31.1667,-0.06,99,85,3.91,RU,1736189281
inongo,-1.95,18.2667,74.66,84,83,6.02,CD,1736189282
isafjordur,66.0755,-23.124,26.64,59,75,10.36,IS,1736189283
tamboril,19.4854,-70.611,79.57,73,40,6.91,DO,1736189284
kristiansund,63.1115,7.732,31.12,74,0,13.8,NO,1736189285
piacabucu,-10.4056,-36.4344,82.99,66,26,12.1,BR,1736189287
prince albert,53.2001,-105.7677,-5.85,71,20,6.91,CA,1736189288
qamdo,31.1667,97.2333,29.03,38,100,5.59,CN,1736189289
kingston,17.997,-76.7936,87.17,58,20,16.11,JM,1736189126
saipan,15.1355,145.701,83.1,83,40,10.0,MP,1736189291
charleston,32.7766,-79.9309,64.11,86,75,26.46,US,1736188538
palmerston north,-40.35,175.6167,54.75,96,100,2.44,NZ,1736189294
santa elena de uairen,4.6167,-61.1333,80.94,41,99,3.6,VE,1736189295
lebu,-37.6167,-73.65,64.24,69,4,12.55,CL,1736189292
okha,53.5739,142.9478,-4.74,91,21,9.75,RU,1736189297
hawaiian paradise park,19.5933,-154.9731,71.87,93,9,1.01,US,1736189109
chonchi,-42.6128,-73.8092,71.92,43,75,1.36,CL,1736189184
khanty-mansiysk,61.0042,69.0019,12.31,79,0,11.18,RU,1736189301
santo domingo de los colorados,-0.25,-79.15,78.37,76,100,3.85,EC,1736189302
big bend,-26.8167,31.9333,74.3,98,100,4.99,SZ,1736189199
hammerfest,70.6634,23.6821,21.65,79,40,3.44,NO,1736189304
whakatane,-37.9585,176.9854,62.51,84,6,5.93,NZ,1736189305
bandipura,34.4167,74.65,28.99,76,14,10.69,IN,1736189307
malakwal,32.5536,73.2123,53.46,35,0,7.09,PK,1736189308
ruy barbosa,-12.2839,-40.4939,95.41,32,23,1.72,BR,1736189309
port alfred,-33.5906,26.891,69.19,91,100,1.39,ZA,1736189310
hassi messaoud,31.6804,6.0729,57.06,62,20,2.3,DZ,1736189311
kenai,60.5544,-151.2583,36.14,81,100,16.11,US,1736189313
ad dabbah,18.05,30.95,64.54,27,2,10.42,SD,1736189315
sierra grande,-41.606,-65.3557,92.93,28,20,18.39,AR,1736189316
guerrero negro,27.9769,-114.0611,71.24,26,5,6.82,MX,1736189318
mil'kovo,55.6078,37.7956,24.31,90,100,8.34,RU,1736189319
mantua,45.1667,10.7833,44.01,93,100,1.99,IT,1736189321
tazovsky,67.4667,78.7,4.66,91,36,14.63,RU,1736189322
al bardiyah,31.7561,25.0865,58.75,74,0,4.07,LY,1736189323
silvania,-16.6589,-48.6081,76.55,81,94,8.43,BR,1736189324
egilsstadir,65.2653,-14.3948,30.11,93,100,24.16,IS,1736189325
acapulco de juarez,16.8634,-99.8901,84.02,58,75,5.75,MX,1736189327
naryshkino,52.9678,35.7268,24.31,94,100,14.54,RU,1736189257
uturoa,-16.7333,-151.4333,80.98,70,90,5.1,PF,1736189329
xiva,41.3783,60.3639,42.69,51,100,8.9,UZ,1736189330
el calafate,-50.3408,-72.2768,55.81,71,85,7.94,AR,1736189331
antalaha,-14.9003,50.2788,75.36,89,5,7.2,MG,1736189334
sitka,57.0531,-135.33,51.69,50,75,23.02,US,1736189330
kincardine,56.0667,-3.7167,37.67,93,100,7.52,GB,1736189336
fort st. john,56.2499,-120.8529,-4.11,84,75,6.91,CA,1736189105
mount gambier,-37.8333,140.7667,57.45,68,100,10.07,AU,1736189338
marataizes,-21.0433,-40.8244,78.4,79,63,9.01,BR,1736189340
qarazhal,48.0078,70.7903,24.51,95,100,4.81,KZ,1736189341
revda,56.801,59.9303,12.54,91,100,9.6,RU,1736189342
malvan,16.0667,73.4667,73.38,72,67,7.11,IN,1736189343
villa la venta,18.1,-94.05,78.39,79,95,18.14,MX,1736189344
masterton,-40.9597,175.6575,57.02,96,77,7.36,NZ,1736189345
crane,31.3974,-102.3501,40.06,29,75,5.53,US,1736189347
kattivakkam,13.2167,80.3167,77.97,69,100,8.16,IN,1736189348
la ronge,55.1001,-105.2842,-7.35,71,100,3.44,CA,1736189349
phan thiet,10.9333,108.1,72.19,86,21,3.47,VN,1736189350
ulsteinvik,62.3432,5.8487,38.75,61,100,11.99,NO,1736189351
tafuna,-14.3358,-170.72,76.95,94,100,24.16,AS,1736189352
holyhead,53.3062,-4.6321,42.73,70,100,14.97,GB,1736189354
tselinnoye,53.0833,85.6667,8.78,92,100,2.06,RU,1736189355
barda,40.3744,47.1267,42.57,79,94,9.22,AZ,1736189356
bossangoa,6.4926,17.4552,80.01,17,90,3.78,CF,1736189358
usogorsk,63.4106,48.6872,-4.49,100,92,4.43,RU,1736189360
sovetskaya gavan',48.9723,140.2878,-3.77,90,15,5.61,RU,1736189361
gorgan,36.8387,54.4348,42.76,87,75,4.61,IR,1736189362
xiaoweizhai,26.1903,107.5125,48.96,62,100,3.58,CN,1736189363
shingu,33.7333,135.9833,45.18,78,22,11.01,JP,1736189364
barysh,53.6553,47.1123,8.24,98,84,6.08,RU,1736189365
thomson,33.4707,-82.5046,52.3,75,4,1.99,US,1736189297
abalak,58.1286,68.5944,5.09,98,68,5.55,RU,1736189369
porto seguro,-16.4497,-39.0647,86.52,70,40,14.97,BR,1736189366
chegdomyn,51.1167,133.0167,-12.26,99,100,0.63,RU,1736189371
iskateley,67.6803,53.1512,4.62,91,99,15.28,RU,1736189265
sittwe,20.15,92.9,69.28,83,0,7.02,MM,1736189374
kawambwa,-9.7915,29.0791,61.59,94,68,2.3,ZM,1736189375
pulandian,39.3953,121.9669,22.39,50,5,3.0,CN,1736189377
filey,54.21,-0.2892,35.78,20,100,5.01,GB,1736189378
ipoh,4.5841,101.0829,76.95,94,40,5.01,MY,1736189379
sakit,27.45,78.8167,53.17,60,0,7.61,IN,1736189241
kisangani,0.5167,25.2,78.66,58,83,4.05,CD,1736189381
jucas,-6.5253,-39.5275,97.41,25,100,9.17,BR,1736189383
argo,37.6333,22.7333,52.66,76,58,2.15,GR,1736189384
wynyard,-41.0,145.7167,54.19,70,100,4.0,AU,1736189386
ulanhot,46.0833,122.0833,5.63,54,57,6.44,CN,1736189387
dolores,-36.3132,-57.6792,87.69,23,35,14.07,AR,1736189389
gebeit,21.0667,36.3167,58.33,38,0,2.8,SD,1736189390
santa ines,-3.6667,-45.38,89.4,59,37,4.07,BR,1736189391
chibougamau,49.9168,-74.3659,6.42,85,100,10.36,CA,1736189239
mancio lima,-7.6142,-72.8958,87.87,62,75,5.75,BR,1736189393
san andres,12.5847,-81.7006,82.42,83,40,12.66,CO,1736189303
dongola,19.1667,30.4833,64.67,36,100,11.81,SD,1736189396
mao,39.8885,4.2658,57.76,88,75,12.66,ES,1736189397
quatre cocos,-20.2078,57.7625,80.71,82,3,11.43,MU,1736189398
corinto,37.9407,22.9573,50.9,84,85,4.07,GR,1736189399
rechka-vydrino,51.485,104.8461,26.78,95,100,11.01,RU,1736189401
fortuna,40.5982,-124.1573,55.92,99,100,0.0,US,1736189402
sretensk,52.2453,117.7093,-14.67,99,100,2.3,RU,1736189403
alotau,-10.3069,150.4462,77.43,92,100,4.21,PG,1736189404
lihue,21.9789,-159.3672,74.79,83,100,9.22,US,1736189405
port douglas,-16.4833,145.4667,78.35,89,100,8.61,AU,1736189407
khabarovsk,48.4808,135.0928,-16.8,76,20,6.71,RU,1736189408
bereznik,62.8551,42.7072,9.05,95,100,6.42,RU,1736189409
hillsboro,45.5229,-122.9898,51.6,81,0,10.36,US,1736189328
tchintabaraden,15.8969,5.7985,74.43,17,100,10.47,NE,1736189411
puerto gaitan,4.3133,-72.0816,86.34,63,100,12.15,CO,1736189397
adi keyh,14.8444,39.3772,59.52,39,100,4.21,ER,1736189414
gorom-gorom,14.4439,-0.2361,81.34,14,82,7.87,BF,1736189415
rey bouba,8.6724,14.1786,79.25,15,1,4.79,CM,1736189416
severo-yeniseyskiy,60.3725,93.0408,20.59,92,100,5.88,RU,1736189417
lobito,-12.3481,13.5456,76.98,74,89,3.87,AO,1736189418
vila velha,-20.3297,-40.2925,76.95,96,75,8.05,BR,1736189419
kalmunai,7.4167,81.8167,75.94,87,99,5.17,LK,1736189421
puntarenas,9.9763,-84.8384,83.52,70,94,4.43,CR,1736189359
al bawiti,28.3492,28.8659,57.67,66,1,7.45,EG,1736189423
san matias,-16.3667,-58.4,89.62,58,75,3.76,BO,1736189424
balqash,46.8481,74.995,16.43,95,100,5.08,KZ,1736189425
dombarovskiy,50.7587,59.5386,12.25,97,100,2.59,RU,1736189428
queenstown,-31.8976,26.8753,59.25,94,100,5.26,ZA,1736189429
madang,-5.2246,145.7966,75.63,93,41,6.11,PG,1736189430
oleiros,43.3333,-8.3167,50.76,82,20,9.22,ES,1736189431
ducheng,23.2373,111.5317,52.36,52,1,2.59,CN,1736189432
ta`u,-14.2336,-169.5144,80.2,82,100,23.44,AS,1736189434
urengoy,65.9667,78.3667,6.31,91,70,15.59,RU,1736189435
prado,-17.3411,-39.2208,81.57,78,84,15.37,BR,1736189436
vanino,49.0869,140.2543,-7.6,91,17,5.06,RU,1736189437
baikunthpur,23.25,82.55,56.07,37,0,3.0,IN,1736189438
rafraf,37.1904,10.1837,59.29,48,100,8.23,TN,1736189440
tarfaya,27.9358,-12.9218,65.08,87,0,9.01,MA,1736189441
ingleside,27.8778,-97.2117,50.05,40,0,18.41,US,1736189289
mumford,5.2618,-0.759,80.65,86,100,11.88,GH,1736189444
callao,-12.0667,-77.15,73.69,78,75,12.66,PE,1736189445
edessa,37.1671,38.7939,43.34,73,0,7.2,TR,1736189446
fort mcmurray,56.7268,-111.381,-0.81,78,100,9.22,CA,1736189447
mugia,43.1041,-9.2179,52.92,63,5,12.28,ES,1736189448
port lincoln,-34.7333,135.8667,60.31,70,6,19.1,AU,1736189450
bocana de paiwas,12.7857,-85.1227,81.61,75,73,11.56,NI,1736189451
balakhta,55.38,91.6,0.52,100,100,1.12,RU,1736189452
trincomalee,8.5711,81.2335,79.23,80,98,10.47,LK,1736189305
mitu,1.1983,-70.1733,84.2,75,88,1.9,CO,1736189456
bobo-dioulasso,11.1771,-4.2979,86.45,21,8,5.75,BF,1736189457
axim,4.8699,-2.2405,80.8,83,89,8.05,GH,1736189458
defuniak springs,30.721,-86.1152,41.09,70,100,16.11,US,1736189460
cockburn town,21.4612,-71.1419,78.76,65,40,9.22,TC,1736189461
new norfolk,-42.7826,147.0587,47.71,95,0,2.06,AU,1736189462
brisas de zicatela,15.8369,-97.0419,84.72,79,0,8.05,MX,1736189463
happy valley-goose bay,53.3168,-60.3315,35.91,93,100,13.8,CA,1736189464
cam pha mines,21.0167,107.3,55.65,73,11,5.44,VN,1736189465
brokopondo,4.75,-55.1667,84.34,63,100,6.98,SR,1736189466
okondja,-0.6549,13.6753,71.89,97,100,3.8,GA,1736189470
dakhla,23.6848,-15.958,66.22,72,0,17.27,EH,1736189472
flin flon,54.7682,-101.865,-5.96,77,20,11.5,CA,1736189426
rimavska sobota,48.3828,20.0224,36.86,97,100,3.74,SK,1736189475
port macquarie,-31.4333,152.9167,68.07,94,69,1.01,AU,1736189476
north ward,-19.2454,146.8075,76.91,83,20,6.91,AU,1736189477
trondheim,63.4305,10.3951,20.98,87,100,1.01,NO,1736189406
sharlyk,52.9167,54.75,-4.72,100,100,3.83,RU,1736189480
billings,45.7833,-108.5007,20.28,79,100,5.01,US,1736189479
ebon,4.582,168.6964,81.81,75,100,20.4,MH,1736189483
kiunga,-6.1219,141.2906,73.11,100,100,1.03,PG,1736189485
tottori,35.5,134.2333,40.77,82,35,13.22,JP,1736189486
newman,37.3138,-121.0208,51.06,62,100,5.46,US,1736189487
sanctuary point,-35.1114,150.629,63.55,92,100,16.2,AU,1736189488
amungan,15.3652,119.9582,76.57,77,100,1.74,PH,1736189489
steinbach,50.1667,8.5667,48.92,75,75,14.97,DE,1736189491
betio village,1.358,172.9211,80.64,77,46,15.59,KI,1736189492
ketchikan,55.3422,-131.6461,44.98,93,40,6.91,US,1736189342
peace river,56.2501,-117.286,-0.09,84,0,10.36,CA,1736189494
juegang,32.3174,121.1855,34.23,62,0,8.03,CN,1736189495
sisimiut,66.9395,-53.6735,23.18,79,100,9.37,GL,1736189496
fallon,39.4735,-118.7774,44.11,77,75,0.0,US,1736189498
santa ana,33.7456,-117.8678,71.46,38,40,3.0,US,1736189080
phan rang-thap cham,11.5667,108.9833,68.43,89,11,5.97,VN,1736189500
constantia,44.1833,28.65,38.08,71,2,9.19,RO,1736189455
urangan,-25.3,152.9,71.08,74,7,7.92,AU,1736189502
ponta delgada,37.7333,-25.6667,65.19,94,40,17.27,PT,1736189503
codrington,-38.2667,141.9667,55.62,71,33,14.03,AU,1736189504
riverton,40.5219,-111.9391,38.14,83,100,3.0,US,1736189251
ayr,55.4627,-4.6339,35.51,89,20,5.75,GB,1736189507
limon,10.0,-83.0333,82.29,78,75,10.36,CR,1736189508
vila do maio,15.1333,-23.2167,73.54,65,0,15.84,CV,1736189290
adrar,20.5022,-10.0711,64.47,18,0,10.29,MR,1736189511
medicine hat,50.0501,-110.6683,13.71,74,100,2.3,CA,1736189514
negombo,7.2083,79.8358,73.45,100,20,4.61,LK,1736189515
verkhnevilyuysk,63.4453,120.3167,-44.07,100,70,2.98,RU,1736189516
conduaga,8.862,117.4893,77.14,89,9,2.48,PH,1736189517
labuan,5.2767,115.2417,80.96,88,40,3.44,MY,1736189519
leeton,-34.5667,146.4,60.1,68,100,8.28,AU,1736189520
tavda,58.0425,65.2726,10.06,93,6,7.14,RU,1736189267
bengkulu,-3.8004,102.2655,74.79,91,100,4.65,ID,1736189522
chifeng,42.2683,118.9636,16.75,51,0,12.77,CN,1736189523
solleftea,63.1667,17.2667,3.06,97,100,2.98,SE,1736189524
vega de alatorre,20.0333,-96.6333,65.79,92,100,22.3,MX,1736189525
yeppoon,-23.1333,150.7333,75.27,72,5,9.8,AU,1736189527
vrangel',42.7297,133.0839,18.46,55,0,12.66,RU,1736189528
kurumkan,54.3,110.3,-6.38,92,90,4.09,RU,1736189529
zaki biam,7.5167,9.6167,81.0,15,93,5.5,NG,1736189530
laguna,38.421,-121.4238,54.23,82,0,5.75,US,1736189531
portland,45.5234,-122.6762,52.41,80,0,8.01,US,1736189516
rehoboth,-23.3167,17.0833,81.55,30,5,7.09,NA,1736189534
karoi,-16.8099,29.6925,63.97,90,100,7.31,ZW,1736189535
demyansk,57.643,32.466,20.25,87,100,8.5,RU,1736189536
mabaruma,8.2,-59.7833,85.5,54,10,7.67,GY,1736189537
powell river,49.8496,-124.5361,41.27,100,75,2.3,CA,1736189538
geraldton,-28.7667,114.6,73.81,78,0,8.05,AU,1736189539
turiacu,-1.6633,-45.3717,82.24,73,100,7.9,BR,1736189541
arquitecto tomas romero pereira,-26.4833,-55.25,93.06,21,91,5.7,PY,1736189542
mezzouna,34.5776,9.8419,57.9,49,100,6.91,TN,1736189544
reggane,26.7158,0.1714,61.74,32,0,6.46,DZ,1736189545
gisborne,-38.6533,178.0042,59.85,86,55,15.37,NZ,1736189546
krasnokamensk,50.0979,118.0369,-11.51,94,86,4.14,RU,1736189548
kapa'a,22.0752,-159.319,75.52,90,100,9.22,US,1736189518
aioun,16.6614,-9.6149,73.13,8,0,10.47,MR,1736189550
pingzhuang,42.0372,119.2889,17.53,50,1,12.84,CN,1736189551
nguigmi,14.2495,13.1092,70.74,21,28,13.15,NE,1736189552
saudarkrokur,65.7461,-19.6394,22.78,87,100,13.51,IS,1736189257
kurmuk,10.55,34.2833,78.39,27,6,5.37,SD,1736189555
tugulym,57.0591,64.6425,6.89,96,14,5.01,RU,1736189556
chusovoy,58.3013,57.8131,13.26,94,100,8.39,RU,1736189557
arauca,7.0847,-70.7591,85.96,70,75,3.44,CO,1736189558
iraquara,-12.2486,-41.6194,88.3,39,33,6.04,BR,1736189560
nova sintra,14.8667,-24.7167,75.18,69,0,13.65,CV,1736189562
rurrenabaque,-14.4413,-67.5278,76.89,100,75,5.75,BO,1736189563
mertola,37.6592,-7.6643,49.24,86,2,6.73,PT,1736189564
bani mazar,28.5036,30.8004,60.17,60,0,8.5,EG,1736189565
les cayes,18.2,-73.75,80.98,63,62,5.75,HT,1736189567
sidney,-33.8679,151.2073,70.72,88,100,14.97,AU,1736189300
zvezdnyy,57.7325,56.3147,19.99,90,100,9.91,RU,1736189569
bodaybo,57.8506,114.1933,-19.07,100,93,1.52,RU,1736189570
nishinoomote,30.7333,131.0,52.34,67,100,32.28,JP,1736189572
yaring,6.8662,101.3689,77.76,86,100,8.48,TH,1736189573
kijang,35.2442,129.2139,29.93,54,0,15.19,KR,1736189574
la paz,-16.5,-68.15,57.18,71,75,9.22,BO,1736189419
pemba,-12.974,40.5178,79.32,85,100,9.64,MZ,1736189576
miches,18.9836,-69.0476,77.27,82,92,11.25,DO,1736189577
dunedin,-45.8742,170.5036,56.46,66,95,7.31,NZ,1736189578
taxco de alarcon,18.55,-99.6,73.33,34,100,3.18,MX,1736189580
jindabyne,-36.4167,148.6333,49.57,95,100,5.01,AU,1736189581
banlung,13.7468,107.0045,59.02,99,73,3.18,KH,1736189582
holualoa,19.6228,-155.9522,72.82,84,0,10.36,US,1736189392
coari,-4.085,-63.1414,88.41,60,62,1.92,BR,1736189585
mawu,34.4307,104.9176,22.66,72,97,3.29,CN,1736189586
guanica,17.9716,-66.908,86.38,67,99,19.17,PR,1736189587
mana,5.6592,-53.7767,81.9,68,88,11.05,GF,1736189588
damghan,36.1683,54.348,36.63,42,100,1.32,IR,1736189589
margate,51.3813,1.3862,39.87,82,87,1.01,GB,1736188908
gemlik,40.4309,29.1597,47.39,69,10,1.48,TR,1736189592
kodinsk,58.6881,99.1844,-12.5,100,85,3.15,RU,1736189593
muzaffarabad,34.37,73.4711,44.26,59,0,4.34,PK,1736189594
northam,51.0333,-4.2167,41.81,79,100,4.0,GB,1736189349
dapa,9.7594,126.0531,79.36,83,100,2.68,PH,1736189597
sredneuralsk,56.9892,60.4666,13.03,90,97,7.65,RU,1736189598
bandar,2.05,99.75,71.44,98,100,0.56,ID,1736189599
xam nua,20.4197,104.0439,48.56,92,0,2.46,LA,1736189600
cortina d'ampezzo,46.5384,12.1377,34.36,97,100,5.57,IT,1736189601
pitimbu,-7.4706,-34.8086,81.09,71,53,11.61,BR,1736189603
olbia,40.9214,9.4856,50.05,81,0,1.14,IT,1736189604
colares,38.7992,-9.4469,54.59,71,20,4.61,PT,1736189605
andergrove,-21.0833,149.1833,76.23,76,0,10.58,AU,1736189607
quillacollo,-17.4,-66.2833,59.07,100,100,6.91,BO,1736189608
tshabong,-26.05,22.45,85.62,31,100,4.74,BW,1736189610
dimbokro,6.6451,-4.7048,88.38,30,49,2.17,CI,1736189611
porto novo,6.4965,2.6036,84.02,81,100,7.58,BJ,1736189612
juneau,58.3019,-134.4197,39.42,100,100,5.91,US,1736189092
rayevskiy,54.0658,54.9468,5.61,97,63,6.71,RU,1736189614
sabak bernam,3.7698,100.9879,74.68,95,100,1.63,MY,1736189615
khandyga,62.6667,135.6,-31.4,99,87,0.83,RU,1736189617
taos,36.4072,-105.5731,35.2,42,100,7.11,US,1736189618
al qaryatayn,34.2296,37.2407,43.25,71,1,4.03,SY,1736189619
puerto carreno,6.189,-67.4859,93.18,49,40,10.36,CO,1736189620
huetamo de nunez,18.5833,-100.8833,91.0,28,100,2.57,MX,1736189621
taltal,-25.4,-70.4833,70.3,75,22,7.18,CL,1736189622
umba,66.6871,34.3429,-7.46,100,94,6.4,RU,1736189623
riviere-du-loup,47.8304,-69.5342,13.08,79,100,5.75,CA,1736189625
opuwo,-18.0607,13.84,74.07,41,98,11.9,NA,1736189626
antonio enes,-16.2325,39.9086,81.72,76,2,14.23,MZ,1736189627
weno,7.4515,151.8468,80.55,83,40,11.5,FM,1736189628
tingo maria,-9.2895,-76.0088,80.91,74,75,5.75,PE,1736189629
kulhudhuffushi,6.6221,73.07,81.19,76,31,9.31,MV,1736189630
walvis bay,-22.9575,14.5053,64.94,74,20,17.54,NA,1736189632
san antonio de pale,-1.4014,5.6325,79.74,80,100,6.91,GQ,1736189633
montepuez,-13.1256,38.9997,70.54,93,65,4.07,MZ,1736189634
rongelap,11.1635,166.8941,80.46,68,96,23.67,MH,1736189635
goris,41.9842,44.1158,32.79,82,16,3.0,GE,1736189636
korsakov,46.6328,142.7813,21.04,88,100,8.23,RU,1736189637
katsuren-haebaru,26.3369,127.8719,60.82,57,75,16.11,JP,1736189639
yuzhno-kurilsk,44.0306,145.8556,34.68,99,100,5.53,RU,1736189485
skeldon,5.8833,-57.1333,84.11,58,93,8.75,GY,1736189642
luanda,-8.8368,13.2343,82.4,69,75,10.36,AO,1736189643
nadym,65.5333,72.5167,9.95,88,100,23.04,RU,1736189646
olyokminsk,60.3736,120.4264,-34.64,99,94,0.54,RU,1736189647
tanjung selor,2.8372,117.3642,74.19,99,71,1.81,ID,1736189648
sao gabriel da cachoeira,-0.1303,-67.0892,85.8,79,40,6.91,BR,1736189649
mata-utu,-13.2816,-176.1745,80.19,85,100,33.4,WF,1736189650
kabale,-1.2486,29.9899,59.25,79,72,1.43,UG,1736189652
bathsheba,13.2167,-59.5167,84.81,65,40,19.57,BB,1736189653
berber,18.0216,33.983,65.95,20,13,13.47,SD,1736189654
hell-ville,-13.4,48.2667,81.79,71,26,4.14,MG,1736189655
carutapera,-1.195,-46.02,80.71,76,100,6.82,BR,1736189656
chauk,20.8833,94.8167,70.38,61,0,2.55,MM,1736189657
barcelos,41.5388,-8.6151,47.41,85,22,2.1,PT,1736189659
velikiye luki,56.34,30.5452,24.82,85,100,11.7,RU,1736189660
tumut,-35.3,148.2167,62.11,91,100,2.91,AU,1736189661
cobadin,44.0833,28.2167,42.12,66,0,7.52,RO,1736189662
ambon,-3.6954,128.1814,79.88,95,40,6.91,ID,1736189663
lumajang,-8.1335,113.2248,75.63,90,100,1.57,ID,1736189664
kota belud,6.351,116.4305,75.61,88,4,4.38,MY,1736189666
cill airne,52.05,-9.5167,37.45,81,75,6.91,IE,1736189667
san pedro pochutla,15.7333,-96.4667,89.71,47,1,8.68,MX,1736189668
manokwari,-0.8667,134.0833,78.8,80,100,2.68,ID,1736189670
mandera,3.9366,41.867,81.0,19,9,10.49,KE,1736189671
arraial do cabo,-22.9661,-42.0278,84.16,74,20,14.97,BR,1736189502
kourou,5.1552,-52.6478,82.18,68,63,8.95,GF,1736189673
kidal,18.4411,1.4078,74.75,16,94,7.99,ML,1736189674
severoural'sk,60.1533,59.952,1.56,94,100,4.32,RU,1736189675
xilin hot,43.9667,116.0333,6.66,88,45,9.8,CN,1736189601
illizi,26.4833,8.4667,62.02,24,32,4.45,DZ,1736189678
giresun,40.5,38.5,15.89,93,78,6.62,TR,1736189679
dungannon,54.5034,-6.7672,33.3,76,13,12.1,GB,1736189382
strezhevoy,60.7333,77.5889,8.24,98,92,6.04,RU,1736189681
dwarka,22.2394,68.9678,67.68,44,5,13.44,IN,1736189682
mehendiganj,22.8167,90.5333,64.96,80,0,6.38,BD,1736189684
la'ie,21.6477,-157.9253,75.94,93,0,6.64,US,1736189685
navlya,52.8281,34.4989,25.99,93,100,11.23,RU,1736189686
sakaiminato,35.55,133.2333,42.78,75,75,17.27,JP,1736189687
katpur,21.05,71.7833,65.55,39,1,14.52,IN,1736189688
selfoss,63.9331,-20.9971,12.9,86,9,10.56,IS,1736189607
kittila,67.6647,24.8936,12.34,92,100,4.61,FI,1736189691
soro,21.2881,86.6858,63.21,69,0,4.27,IN,1736189692
ingeniero jacobacci,-41.3427,-69.5448,88.83,5,90,17.83,AR,1736189693
duobao,30.67,112.6895,44.6,27,100,6.15,CN,1736189694
