City,Country,Date,Lat,Lng,Max Temp,Humidity,Cloudiness,Wind Speed
vernouillet,FR,1736455908,48.7167,1.3667,37.17,85,100,7.87
qaqortoq,GL,1736455909,60.7167,-46.0333,13.6,69,16,7.56
badger,US,1736455911,64.8,-147.5333,15.71,86,20,4.61
waitangi,NZ,1736455912,-43.9535,-176.5597,54.82,79,94,15.01
edinburgh of the seven seas,SH,1736455913,-37.0676,-12.3116,64.17,91,100,10.94
sharm el-sheikh,EG,1736455914,27.8518,34.305,62.74,48,0,4.61
bardai,NG,1736455915,11.65,7.2333,64.26,24,2,10.02
saipan,MP,1736455916,15.1355,145.701,79.5,89,20,11.5
bredasdorp,ZA,1736455918,-34.5322,20.0403,67.62,81,5,15.01
holualoa,US,1736455919,19.6228,-155.9522,78.55,72,0,10.36
enewetak,MH,1736455920,11.3474,162.3373,81.16,82,4,23.51
college,US,1736455921,64.8569,-147.8028,15.78,79,100,4.61
tampere,FI,1736455802,61.4991,23.7871,21.99,96,100,5.75
prince rupert,CA,1736455925,54.3161,-130.3201,48.29,87,100,35.68
invercargill,NZ,1736455671,-46.4,168.35,56.01,91,91,1.99
adamstown,PN,1736455927,-25.066,-130.1015,76.95,81,100,24.16
ushuaia,AR,1736455693,-54.8,-68.3,53.26,54,40,23.02
vila do maio,CV,1736455930,15.1333,-23.2167,74.7,71,0,12.71
shache,CN,1736455931,38.4167,77.2406,21.72,53,0,1.86
alotau,PG,1736455932,-10.3069,150.4462,78.67,86,100,2.46
as sulayyil,SA,1736455933,20.4607,45.5779,55.8,50,6,7.09
saint-pierre,RE,1736455934,-21.3393,55.4781,76.68,73,0,4.61
thompson,CA,1736455936,55.7435,-97.8558,6.96,72,100,9.22
aleksandrovsk-sakhalinskiy,RU,1736455937,50.8975,142.1561,3.9,98,100,7.23
port mathurin,MU,1736455938,-19.6833,63.4167,79.21,90,100,23.73
hajin,SY,1736455939,34.6927,40.827,51.69,46,82,0.45
olyokminsk,RU,1736455940,60.3736,120.4264,-19.03,94,95,3.42
flying fish cove,CX,1736455942,-10.4217,105.6791,78.48,100,100,8.05
lamar,US,1736455943,33.6668,-95.5836,30.11,96,100,10.36
ketchikan,US,1736455944,55.3422,-131.6461,48.67,87,100,23.02
teploye,RU,1736455945,53.6202,37.5903,33.03,90,100,9.78
papatowai,NZ,1736455946,-46.5619,169.4708,55.56,73,94,4.81
hamilton,US,1736455832,39.1834,-84.5333,28.99,52,3,1.99
boyolangu,ID,1736455949,-8.1181,111.8935,75.29,94,100,3.2
la ronge,CA,1736455950,55.1001,-105.2842,7.05,72,100,17.27
albany,US,1736455866,42.6001,-73.9662,23.41,67,57,10.0
bikenibeu village,KI,1736455952,1.3673,173.1241,82.36,83,40,6.91
kingston,JM,1736455839,17.997,-76.7936,83.35,61,20,6.91
iqaluit,CA,1736455954,63.7506,-68.5145,1.13,77,100,2.3
suva,FJ,1736455956,-18.1416,178.4415,74.68,94,75,8.05
serra san bruno,IT,1736455958,38.5754,16.3244,45.59,67,100,3.22
piti village,GU,1736455961,13.4626,144.6933,81.48,85,20,9.22
lompoc,US,1736455962,34.6391,-120.4579,72.14,21,0,5.75
paharpur,PK,1736455964,32.1038,70.9724,52.75,22,0,3.22
port-aux-francais,TF,1736455965,-49.35,70.2167,40.06,92,100,53.46
olonkinbyen,SJ,1736455966,70.9221,-8.7187,23.68,70,100,18.81
petrozavodsk,RU,1736455967,61.7849,34.3469,-6.34,84,66,0.0
kosonsoy,UZ,1736455968,41.2561,71.5508,22.41,61,0,4.74
kodiak,US,1736455969,57.79,-152.4072,36.91,93,100,17.27
ribeira grande,PT,1736455970,38.5167,-28.7,66.78,94,75,18.41
arraial do cabo,BR,1736455819,-22.9661,-42.0278,78.66,89,75,10.36
anadyr,RU,1736455973,64.75,177.4833,-21.5,74,100,15.66
chandbali,IN,1736455974,20.7833,86.7667,60.62,65,0,5.17
tidjikja,MR,1736455975,18.5564,-11.4271,69.03,16,0,12.82
sagarejo,GE,1736455976,41.734,45.3315,38.08,63,50,3.76
axim,GH,1736455977,4.8699,-2.2405,80.42,81,54,10.18
hammerfest,NO,1736455979,70.6634,23.6821,14.45,73,0,2.3
talara,PE,1736455980,-4.5772,-81.2719,81.36,54,0,12.66
miles city,US,1736455981,46.4083,-105.8406,31.17,80,0,14.97
avarua,CK,1736455982,-21.2078,-159.775,77.05,94,75,25.32
callaway,US,1736455977,30.153,-85.5699,54.19,32,0,9.22
kone,NC,1736455984,-21.0595,164.8658,79.27,62,0,3.4
puerto natales,CL,1736455985,-51.7236,-72.4875,61.25,36,40,24.16
bodaybo,RU,1736455987,57.8506,114.1933,-27.0,97,26,1.28
tateyama,JP,1736455988,34.9833,139.8667,40.77,51,58,10.38
grytviken,GS,1736455989,-54.2811,-36.5092,38.98,94,100,4.12
lihue,US,1736455990,21.9789,-159.3672,72.99,94,100,17.27
mocimboa,MZ,1736455991,-11.3167,40.35,77.29,89,61,2.84
torre del lago puccini,IT,1736455992,43.8281,10.2912,60.03,76,40,18.41
puerto ayora,EC,1736455994,-0.7393,-90.3518,75.33,83,98,9.04
georgetown,MY,1736455809,5.4112,100.3354,80.53,72,20,8.05
al ghayzah,YE,1736455996,16.2079,52.176,71.02,62,14,3.6
pisco,PE,1736455886,-13.7,-76.2167,77.05,61,0,18.41
post,US,1736455998,33.1909,-101.3782,31.98,89,100,4.09
serres,GR,1736455999,41.0856,23.5497,47.66,96,0,0.81
talnakh,RU,1736456000,69.4865,88.3972,-16.29,97,29,3.24
babu,CN,1736456002,24.4167,111.5167,39.24,82,61,6.55
necochea,AR,1736455714,-38.5473,-58.7368,84.25,35,63,13.89
bilibino,RU,1736456004,68.0546,166.4372,-19.66,98,100,2.06
yellowknife,CA,1736455833,62.456,-114.3525,-9.58,85,40,5.75
ilulissat,GL,1736456006,69.2167,-51.1,5.02,66,20,12.66
ola,RU,1736456007,59.5833,151.2833,-4.36,83,3,8.3
prince george,CA,1736456008,53.9166,-122.753,36.84,88,100,13.8
heroica caborca,MX,1736456010,30.7167,-112.15,60.93,28,0,11.9
tazovsky,RU,1736455788,67.4667,78.7,-8.5,99,99,10.22
blackmans bay,AU,1736456012,-43.0167,147.3167,59.52,89,23,4.0
vorgashor,RU,1736456013,67.5833,63.95,6.19,87,100,13.31
port elizabeth,ZA,1736455803,-33.918,25.5701,70.32,90,40,5.75
quartu sant'elena,IT,1736456015,39.2419,9.1839,57.04,76,0,12.66
kirs,RU,1736456017,59.3388,52.2447,27.01,88,89,12.24
changji,CN,1736456018,44.0167,87.3167,11.19,85,0,2.24
kiffa,MR,1736456019,16.6166,-11.4045,76.48,14,0,11.74
perambalur,IN,1736456020,11.2333,78.8833,72.36,81,100,5.64
ust-nera,RU,1736456021,64.5667,143.2,-23.71,99,100,2.89
oyem,GA,1736456022,1.5995,11.5793,71.31,85,71,2.86
chonchi,CL,1736456023,-42.6128,-73.8092,63.81,41,4,2.57
aquin,HT,1736456025,18.2833,-73.4,78.55,72,100,9.04
ceerigaabo,SO,1736456026,10.6162,47.368,58.42,56,11,2.08
moultonborough,US,1736456027,43.7548,-71.3967,19.54,70,100,31.0
petropavlovsk-kamchatsky,RU,1736456028,53.0452,158.6483,1.99,60,0,4.47
gunsan,KR,1736455797,35.9786,126.7114,10.29,72,100,3.44
sitka,US,1736456030,57.0531,-135.33,49.89,87,100,26.46
tromso,NO,1736456032,69.6496,18.957,12.22,73,0,4.61
thunder bay,CA,1736455786,48.4001,-89.3168,28.38,68,100,10.36
happy valley-goose bay,CA,1736455901,53.3168,-60.3315,34.11,86,100,25.32
ormara,PK,1736456035,25.2088,64.6357,69.35,55,0,5.01
san bernardo del viento,CO,1736456036,9.3533,-75.9524,82.94,78,76,10.07
matoury,GF,1736456037,4.8483,-52.3317,75.16,94,100,9.22
kerikeri,NZ,1736456038,-35.2268,173.9474,64.9,92,80,4.54
rovaniemi,FI,1736456040,66.5,25.7167,0.81,85,40,1.14
jamestown,US,1736455822,42.097,-79.2353,21.02,73,100,17.27
trairi,BR,1736456042,-3.2778,-39.2689,80.29,80,96,10.07
remire-montjoly,GF,1736456043,4.9167,-52.2667,75.24,94,100,9.22
tamanrasset,DZ,1736456044,22.785,5.5228,49.91,20,0,4.61
huambo,AO,1736456045,-12.7761,15.7392,66.0,77,81,1.14
kiunga,PG,1736456047,-6.1219,141.2906,73.35,99,98,1.68
machico,PT,1736456048,32.7,-16.7667,66.7,84,20,0.0
nemuro,JP,1736456049,43.3236,145.575,29.43,64,87,5.66
cidreira,BR,1736456050,-30.1811,-50.2056,73.42,68,13,16.87
ndjole,GA,1736456051,-0.1783,10.7649,75.7,95,51,1.7
cubulco,GT,1736456054,15.1333,-90.5833,76.53,60,95,3.06
bethel,US,1736456016,41.3712,-73.414,33.03,56,78,10.0
west island,CC,1736456057,-12.1568,96.8225,78.78,94,100,8.05
constantia,RO,1736456059,44.1833,28.65,43.7,93,0,11.1
tumpat,MY,1736456060,6.1978,102.171,77.02,83,20,1.14
thames,NZ,1736456061,-37.1333,175.5333,67.53,55,92,2.26
paracuru,BR,1736456019,-3.41,-39.0306,80.46,79,100,10.98
cabo san lucas,MX,1736455787,22.8909,-109.9124,73.71,45,0,19.57
beruniy,UZ,1736456064,41.6911,60.7525,24.76,68,0,6.91
berdigestyakh,RU,1736456067,62.0989,126.6992,-24.14,96,97,3.42
faya-largeau,TD,1736456068,17.9257,19.1043,64.63,27,0,17.74
afaahiti,PF,1736456069,-17.75,-149.2833,80.91,75,75,12.06
ko pha ngan,TH,1736456070,9.7578,100.0291,75.33,71,8,7.56
howard springs,AU,1736456071,-12.497,131.047,80.51,72,92,2.84
amga,RU,1736456072,60.8953,131.9608,-32.82,100,44,1.83
dawson creek,CA,1736456074,55.7666,-120.2362,31.64,93,20,6.91
loanda,AO,1736455939,-8.8368,13.2343,80.6,69,75,8.05
al fuwayliq,SA,1736456076,26.4432,43.2534,50.58,64,100,6.78
nagqu,CN,1736456077,31.5,92.0,10.89,22,99,2.39
namtsy,RU,1736456078,62.7161,129.6658,-23.53,95,99,3.31
serowe,BW,1736456079,-22.3833,26.7167,68.0,93,100,6.87
dakhla,EH,1736456081,23.6848,-15.958,66.22,63,0,14.97
key largo,US,1736455673,25.0865,-80.4473,64.99,30,100,12.59
nar'yan-mar,RU,1736456083,67.6713,53.087,20.48,95,100,8.28
tura,IN,1736456084,25.5198,90.2201,53.62,84,0,3.89
dunedin,NZ,1736456085,-45.8742,170.5036,57.51,70,76,8.55
northam,GB,1736456086,51.0333,-4.2167,34.81,86,68,1.97
longyearbyen,SJ,1736456088,78.2186,15.6401,26.44,100,100,8.05
san patricio,US,1736456089,28.017,-97.5169,44.55,88,100,16.6
xilin hot,CN,1736456003,43.9667,116.0333,-2.4,85,100,4.76
sao geraldo do araguaia,BR,1736456091,-6.4006,-48.555,77.27,94,100,2.66
pacific grove,US,1736456033,36.6177,-121.9166,68.43,68,0,8.01
idri,LY,1736456093,27.5,13.2667,52.29,47,0,3.96
zaozersk,RU,1736456094,69.4005,32.4476,11.5,96,99,5.82
revda,RU,1736456096,56.801,59.9303,27.9,88,100,18.03
fortuna,US,1736456056,40.5982,-124.1573,63.93,73,0,0.0
vilyuchinsk,RU,1736456098,52.9306,158.4028,3.47,77,1,9.17
luderitz,NA,1736456099,-26.6481,15.1594,64.67,80,17,16.2
zaragoza,ES,1736456100,41.6561,-0.8773,57.02,59,0,8.05
klyuchi,RU,1736456101,52.2667,79.1667,20.59,95,100,13.31
east london,ZA,1736455813,-33.0153,27.9116,74.1,82,0,9.78
saint-francois,FR,1736456106,46.4154,3.9054,36.84,81,100,6.91
cooma,AU,1736456107,-36.2333,149.1333,60.35,81,100,3.11
key west,US,1736455919,24.5557,-81.7826,64.4,46,0,12.66
toamasina,MG,1736456110,-18.1667,49.3833,78.8,89,75,0.0
breaux bridge,US,1736456111,30.2735,-91.8993,43.02,58,100,4.61
rio grande,BR,1736455853,-32.035,-52.0986,73.09,68,0,15.08
margaret river,AU,1736456113,-33.95,115.0667,59.54,84,98,9.06
carutapera,BR,1736455994,-1.195,-46.02,77.76,90,100,5.61
qarah bagh,AF,1736456115,34.9402,61.7759,31.66,81,100,6.42
filadelfia,US,1736456103,39.9523,-75.1638,34.61,47,0,23.02
stanley,GB,1736456118,54.868,-1.6985,28.18,80,0,5.75
huarmey,PE,1736456119,-10.0681,-78.1522,73.9,76,87,9.13
muravlenko,RU,1736456120,63.7898,74.523,2.03,93,100,20.87
vadso,NO,1736456121,70.0744,29.7487,17.76,86,20,19.57
hawaiian paradise park,US,1736456122,19.5933,-154.9731,76.73,86,100,5.75
puerto carreno,CO,1736456123,6.189,-67.4859,94.98,36,20,8.05
tiksi,RU,1736456125,71.6872,128.8694,-15.66,99,90,10.11
crane,US,1736456126,31.3974,-102.3501,44.33,54,99,4.25
san luis de la loma,MX,1736456127,17.2706,-100.8939,85.51,58,78,11.86
uturoa,PF,1736456128,-16.7333,-151.4333,82.6,75,100,11.36
lebu,CL,1736456129,-37.6167,-73.65,60.66,75,0,19.26
mohale's hoek,LS,1736456131,-30.1514,27.4769,72.91,36,100,7.65
qarazhal,KZ,1736456132,48.0078,70.7903,9.66,67,21,8.08
la punta,AR,1736456133,-33.1837,-66.3127,84.88,35,63,2.73
isafjordur,IS,1736456134,66.0755,-23.124,24.69,82,38,10.29
yunyang,CN,1736456135,33.4474,112.7142,28.45,36,0,0.69
daru,PG,1736456136,-9.0763,143.2092,79.56,83,100,0.98
wajir,KE,1736456138,1.7471,40.0573,85.08,43,30,15.84
coruripe,BR,1736456139,-10.1256,-36.1756,79.63,78,61,13.49
badulla,LK,1736456140,6.9895,81.0557,68.16,98,91,5.3
fort bragg,US,1736456141,35.139,-79.006,38.91,34,0,11.5
vuktyl,RU,1736456142,63.8567,57.3094,19.54,95,100,10.11
ubari,LY,1736456143,26.5921,12.7805,50.63,50,24,1.79
rongelap,MH,1736456144,11.1635,166.8941,81.19,79,3,25.61
taroa,MH,1736456146,8.7058,171.2275,81.25,77,7,21.14
kampene,CD,1736456147,-3.6,26.6667,70.77,92,100,2.37
urengoy,RU,1736456148,65.9667,78.3667,-5.44,98,100,10.0
queenstown,ZA,1736456149,-31.8976,26.8753,64.94,83,9,4.56
sukumo,JP,1736456150,32.9333,132.7333,29.05,63,85,11.12
weno,FM,1736456151,7.4515,151.8468,84.15,79,40,12.66
saint-philippe,RE,1736456153,-21.3585,55.7679,78.87,86,57,12.39
new yekepa,LR,1736456154,7.5794,-8.5378,75.16,23,89,2.95
esmeraldas,BR,1736456155,-19.7625,-44.3139,71.02,92,47,3.91
kirensk,RU,1736456156,57.7853,108.1119,0.36,98,100,4.43
nadi,FJ,1736456091,-17.8,177.4167,80.6,65,40,9.22
mairwa,IN,1736456159,26.2333,84.15,50.36,62,0,2.53
st. john's,CA,1736456023,47.5649,-52.7093,33.98,82,75,13.8
ivdel',RU,1736456161,60.6911,60.4206,26.2,97,100,3.83
southside,US,1736456162,33.9245,-86.0225,42.89,30,0,3.44
colonia,DE,1736456163,50.9333,6.95,35.96,88,75,17.27
dongtai,CN,1736456164,32.8523,120.3095,21.78,60,1,6.73
iranshahr,IR,1736456166,27.2025,60.6848,50.34,32,0,4.61
udachny,RU,1736456167,66.4167,112.4,-8.3,100,100,3.13
belmonte,BR,1736456168,-15.8631,-38.8828,77.5,89,100,6.15
tazacorte,ES,1736456169,28.629,-17.9293,63.57,51,20,8.99
jaslo,PL,1736456170,49.7451,21.4725,50.92,77,100,17.2
kapit,MY,1736456171,2.0167,112.9333,74.16,100,100,0.6
qamdo,CN,1736456172,31.1667,97.2333,20.93,49,100,5.7
vernon,CA,1736456106,50.2581,-119.2691,36.93,81,100,3.0
luau,AO,1736456176,-10.7073,22.2247,65.7,98,99,3.29
hauterive,FR,1736456177,46.0901,3.4459,38.77,78,100,3.94
crookston,US,1736456178,47.7741,-96.6081,30.31,86,100,10.36
pecos,US,1736456103,31.4229,-103.4932,44.69,61,100,12.66
mili,MH,1736456181,6.0815,171.735,81.9,78,76,20.09
bereznik,RU,1736456182,62.8551,42.7072,13.44,85,97,10.38
noumea,NC,1736456183,-22.2763,166.4572,80.01,99,0,9.48
pontevedra,ES,1736456184,42.431,-8.6444,59.14,97,100,5.1
champerico,GT,1736456187,14.3,-91.9167,84.06,67,44,7.72
thinadhoo,MV,1736456188,0.5333,72.9333,81.55,76,95,8.34
mandalgovi,MN,1736456189,45.7625,106.2708,-6.61,80,17,0.43
levuka,CA,1736456190,50.1834,-105.4011,26.33,74,20,24.16
severo-yeniseyskiy,RU,1736456191,60.3725,93.0408,3.31,94,100,10.4
port alfred,ZA,1736456192,-33.5906,26.891,70.18,93,6,5.01
callao,PE,1736455992,-12.0667,-77.15,73.69,73,0,9.22
sola,VU,1736456195,-13.8833,167.55,79.86,80,80,6.35
keflavik,IS,1736456196,64.0049,-22.5624,32.43,74,100,11.5
naze,JP,1736456197,28.3667,129.4833,50.92,68,98,20.74
salalah,OM,1736456198,17.0151,54.0924,71.69,53,0,4.61
polyarnyy,RU,1736456199,69.1989,33.4478,22.06,82,100,10.33
arkhangel'sk,RU,1736456201,64.5401,40.5433,24.91,86,75,20.13
kodinsk,RU,1736456202,58.6881,99.1844,-6.54,100,70,3.94
ballina,AU,1736456203,-28.8667,153.5667,71.73,83,100,2.42
saudarkrokur,IS,1736456204,65.7461,-19.6394,18.34,86,28,15.95
tolanaro,MG,1736456205,-25.0319,46.9987,80.67,83,40,18.41
pechora,RU,1736456206,65.1472,57.2244,14.31,93,98,13.65
pandharpur,IN,1736456208,17.6667,75.3333,67.75,46,99,6.78
yatou,CN,1736456209,37.15,122.3833,20.91,76,90,8.12
kavieng,PG,1736456210,-2.5744,150.7967,82.81,78,100,7.74
nogliki,RU,1736456211,51.8333,143.1667,5.94,92,100,15.82
alice springs,AU,1736456213,-23.7,133.8833,72.95,49,8,0.0
tomatlan,MX,1736456214,19.9333,-105.25,86.54,37,99,5.61
hinton,CA,1736456215,53.4001,-117.5857,30.7,83,95,7.23
kudahuvadhoo,MV,1736456216,2.6708,72.8944,82.22,75,61,9.95
aasiaat,GL,1736456217,68.7098,-52.8699,-2.58,96,77,8.1
cabugao,PH,1736456220,17.7931,120.4578,74.43,83,100,7.18
caspe,ES,1736456221,41.234,-0.0395,54.28,74,9,12.53
menongue,AO,1736456222,-14.6585,17.691,66.79,81,97,3.06
retreat,US,1736456223,38.8245,-85.8533,29.1,45,27,1.01
vrangel',RU,1736456224,42.7297,133.0839,14.2,65,70,19.77
inirida,CO,1736456227,3.8653,-67.9239,91.6,52,92,0.29
codrington,AU,1736456228,-38.2667,141.9667,69.37,58,51,6.49
dazhong,CN,1736456229,33.1997,120.4578,21.29,64,1,6.55
farafangana,MG,1736456230,-22.8167,47.8333,78.69,91,12,8.16
svetlyy,RU,1736456232,54.675,20.1347,36.52,99,100,9.46
campbell river,CA,1736456233,50.0163,-125.2446,43.59,100,100,6.91
hereford,GB,1736456235,52.0568,-2.7148,32.22,92,35,3.6
yaren,NR,1736456236,-0.5472,166.916,81.34,72,100,15.7
mount isa,AU,1736456238,-20.7333,139.5,83.97,65,5,11.5
fuzhou,CN,1736456239,26.0614,119.3061,47.48,56,100,3.4
mount pearl,CA,1736456240,47.5166,-52.7813,33.15,86,75,13.8
barranca,PE,1736456241,-10.75,-77.7667,72.79,74,93,8.88
auki,SB,1736456242,-8.7676,160.7034,80.19,85,96,6.49
ciudad lazaro cardenas,MX,1736456244,17.9583,-102.2,83.41,58,76,9.01
baturaja,ID,1736456245,-4.1333,104.1667,73.45,92,100,1.88
xacmaz,AZ,1736456246,41.4635,48.806,42.55,73,0,5.73
papao,PF,1736456247,-17.75,-149.55,87.48,78,62,16.53
punta arenas,CL,1736456066,-53.15,-70.9167,59.11,36,0,20.71
calabozo,VE,1736456250,8.9242,-67.4293,95.68,25,5,4.81
tomobe,JP,1736456251,36.35,140.3,33.6,36,34,6.55
jalqani,SD,1736456252,12.4486,34.2186,79.27,24,1,10.74
prieska,ZA,1736456253,-29.6641,22.7474,82.0,17,31,21.39
kailua-kona,US,1736456254,19.6406,-155.9956,82.27,73,0,10.36
puerto baquerizo moreno,EC,1736456255,-0.9,-89.6,83.39,70,40,12.66
vorkuta,RU,1736456257,67.5,64.0,6.76,86,100,12.19
whistler,CA,1736456258,50.1164,-122.9695,34.83,87,100,0.0
khilok,RU,1736456259,51.3674,110.4676,-16.82,97,12,2.3
tokar,SD,1736456260,18.4254,37.729,74.77,71,5,7.2
wailua homesteads,US,1736456261,22.0669,-159.378,72.39,94,100,17.27
hasaki,JP,1736456262,35.7333,140.8333,38.95,32,97,17.52
guaraciaba do norte,BR,1736456264,-4.1669,-40.7475,71.33,71,94,1.41
ladang seri kundang,MY,1736456266,3.2856,101.519,80.49,83,20,0.0
kasongo-lunda,CD,1736456267,-6.4667,16.8167,70.61,93,78,1.36
ancud,CL,1736456268,-41.8697,-73.8203,60.6,54,0,6.58
aroma,SD,1736456269,15.8167,36.1333,76.5,30,0,11.3
sapulpa,US,1736456271,35.9987,-96.1142,31.91,88,100,8.05
bongaree,AU,1736456272,-27.0797,153.1586,74.44,79,78,2.55
djibouti,DJ,1736456273,11.5,42.5,68.11,77,22,13.89
saint-joseph,RE,1736456274,-21.3667,55.6167,75.58,83,40,12.53
mahibadhoo,MV,1736456275,3.7833,72.9667,82.02,77,72,12.35
floro,NO,1736456276,61.5996,5.0328,30.16,74,75,8.05
sechura,PE,1736456277,-5.5569,-80.8222,80.6,58,80,16.53
whitehorse,CA,1736456279,60.7161,-135.0538,34.57,86,75,21.85
flin flon,CA,1736456280,54.7682,-101.865,10.24,67,100,16.11
dhidhdhoo,MV,1736456281,6.8833,73.1,81.32,78,88,16.75
kargopol',RU,1736456282,61.5071,38.9456,-1.89,100,70,3.0
sucua,EC,1736456286,-2.4667,-78.1667,84.94,47,40,5.75
dudinka,RU,1736456287,69.4058,86.1778,-26.28,100,73,1.21
burela de cabo,ES,1736456288,43.65,-7.4,55.09,76,97,12.39
kerman,IR,1736456289,30.2832,57.0788,31.86,74,0,0.0
khandyga,RU,1736456291,62.6667,135.6,-38.49,99,60,2.28
hobyo,SO,1736456292,5.3505,48.5268,75.81,76,16,19.3
mil'kovo,RU,1736456293,55.6078,37.7956,33.35,91,100,7.81
greater sudbury,CA,1736455996,46.49,-80.99,18.05,39,4,8.01
fale old settlement,TK,1736456295,-9.3852,-171.2468,82.49,70,96,21.07
iskateley,RU,1736456296,67.6803,53.1512,20.57,95,100,8.75
chui,UY,1736456298,-33.6971,-53.4616,73.69,60,62,13.35
oriximina,BR,1736456299,-1.7656,-55.8661,86.9,60,55,3.4
porto novo,BJ,1736456300,6.4965,2.6036,84.02,81,59,5.79
daxi,TW,1736456301,24.8837,121.2904,56.75,76,100,9.19
mount gambier,AU,1736456302,-37.8333,140.7667,67.87,59,100,3.67
kokstad,ZA,1736456053,-30.5472,29.4241,64.89,85,59,1.81
whakatane,NZ,1736456131,-37.9585,176.9854,66.51,65,24,5.99
okhotsk,RU,1736456306,59.3833,143.3,-5.64,79,6,12.35
fort mcmurray,CA,1736456307,56.7268,-111.381,13.59,92,100,2.3
sumbawa besar,ID,1736456308,-8.5,117.4333,75.31,95,100,3.36
jincheng,CN,1736456309,35.5022,112.8328,24.75,34,0,2.04
kankanhalli,IN,1736456310,12.55,77.4167,62.42,86,3,6.62
nha trang,VN,1736456312,12.25,109.1833,77.0,86,97,10.4
presidente epitacio,BR,1736456313,-21.7633,-52.1156,91.83,36,12,13.87
sittwe,MM,1736456314,20.15,92.9,63.95,70,0,6.73
pader,UG,1736456316,3.05,33.2167,75.13,41,20,3.24
arcadia,US,1736456317,34.1397,-118.0353,74.32,15,0,3.0
belyy yar,RU,1736456319,53.6039,91.3903,10.29,100,100,0.0
fujin,CN,1736456320,47.26,132.0322,-4.36,91,26,9.46
grantsville,US,1736456321,40.5999,-112.4644,34.56,68,75,3.44
alo,NG,1736456322,6.5486,4.2686,79.05,85,5,5.75
crieff,GB,1736456323,56.3727,-3.8389,33.76,77,9,6.31
tual,ID,1736456324,-5.6667,132.75,83.77,77,90,14.61
san fernando de monte cristi,DO,1736456326,19.8667,-71.65,77.72,69,57,12.06
nuuk,GL,1736456327,64.1835,-51.7216,23.61,74,20,20.71
dunhua,CN,1736456328,43.3725,128.2425,-5.75,93,58,3.94
lodja,CD,1736456113,-3.4833,23.4333,70.36,94,94,1.79
hilo,US,1736456330,19.7297,-155.09,76.12,87,100,5.75
envira,BR,1736456331,-7.3,-70.2167,79.59,95,98,2.53
kingscliff,AU,1736456332,-28.2667,153.5667,72.95,94,100,4.61
thurgoona,AU,1736456334,-36.0451,146.9919,72.66,66,100,1.01
lakeland highlands,US,1736456335,27.9597,-81.9501,56.66,43,0,8.01
kununurra,AU,1736456336,-15.7667,128.7333,75.18,94,8,8.05
farasan,SA,1736456337,16.7022,42.1183,77.72,76,0,5.55
takedamachi,JP,1736456338,32.9667,131.4,21.54,78,69,6.08
dosso,NE,1736456339,13.049,3.1937,71.2,19,81,10.42
myrina,GR,1736456341,39.8797,25.0742,59.34,89,3,13.29
yakeshi,CN,1736456342,49.2833,120.7333,-28.57,100,70,2.46
sault ste. marie,CA,1736456144,46.5168,-84.3333,19.69,63,40,10.36
nanawua,PY,1736456344,-25.2667,-57.6667,101.28,34,20,9.22
broken hill,AU,1736456345,-31.95,141.4333,77.45,25,4,12.12
nizip,TR,1736456346,37.0097,37.7942,37.53,53,16,4.74
cockburn town,TC,1736456254,21.4612,-71.1419,74.34,68,64,16.55
turaif,SA,1736456349,31.6725,38.6637,43.05,52,0,9.22
diebougou,BF,1736456350,10.9667,-3.25,80.55,15,72,6.46
laguna,US,1736456351,38.421,-121.4238,64.94,59,0,10.36
siwa oasis,EG,1736456352,29.2041,25.5195,59.74,64,66,10.4
mahina,PF,1736456353,-17.5065,-149.489,87.57,70,75,9.22
santo andre,BR,1736456268,-23.6639,-46.5383,71.76,82,100,14.97
prado,BR,1736456356,-17.3411,-39.2208,76.89,87,100,11.86
cefalu,IT,1736456357,38.0386,14.0229,61.75,49,100,18.99
aginskoye,RU,1736456358,51.1,114.53,-11.78,94,100,5.19
rawson,AR,1736456360,-43.3002,-65.1023,66.49,32,0,17.27
bargersville,US,1736456361,39.5209,-86.1678,27.86,60,0,4.61
ta`u,AS,1736456363,-14.2336,-169.5144,82.11,78,96,26.91
new norfolk,AU,1736456365,-42.7826,147.0587,60.93,67,11,2.73
gongdanglegi kulon,ID,1736456366,-8.1753,112.6359,71.71,96,100,2.08
brisas de zicatela,MX,1736456368,15.8369,-97.0419,83.32,65,3,7.94
atafu village,TK,1736456369,-8.5421,-172.5159,82.76,68,100,21.68
inhambane,MZ,1736456122,-23.865,35.3833,81.09,84,97,10.6
phan thiet,VN,1736456371,10.9333,108.1,74.41,79,100,5.7
tshabong,BW,1736456372,-26.05,22.45,82.89,16,48,10.89
kuala terengganu,MY,1736456346,5.3302,103.1408,80.55,78,20,8.05
emerald,AU,1736456375,-23.5333,148.1667,76.33,79,29,10.87
krylovskaya,RU,1736456376,46.3194,39.9711,45.63,85,52,5.03
smithers,CA,1736456377,54.7804,-127.1743,39.52,87,100,5.75
edd,ER,1736456378,13.9297,41.6925,79.56,60,0,14.63
walvis bay,NA,1736456381,-22.9575,14.5053,63.55,88,100,3.44
madang,PG,1736456382,-5.2246,145.7966,77.11,93,100,5.64
kitimat,CA,1736456383,54.0524,-128.6534,34.92,31,100,4.23
tsiombe,MG,1736456384,-25.3,45.4833,78.08,89,84,4.85
caconda,AO,1736456385,-13.7333,15.0667,61.5,79,22,3.49
jian'ou,CN,1736456387,27.0469,118.3253,39.43,89,100,2.04
hermanus,ZA,1736456388,-34.4187,19.2345,65.8,81,82,14.18
pizarro,CO,1736456389,4.9533,-77.366,79.56,88,91,8.14
stanthorpe,AU,1736456390,-28.6667,151.95,62.42,99,100,6.62
khanjarah,TR,1736456391,40.5999,33.6153,39.29,77,8,0.94
carinhanha,BR,1736456393,-14.3047,-43.765,73.83,90,100,2.35
kingaroy,AU,1736456394,-26.5333,151.8333,65.98,93,81,4.32
la passe,FR,1736456395,45.5549,-0.8967,47.35,73,99,2.35
afsin,TR,1736456115,38.2477,36.914,36.28,61,68,1.66
lloydminster,CA,1736456398,53.2835,-110.0016,23.22,74,0,11.5
calvinia,ZA,1736456400,-31.4707,19.776,60.37,70,0,5.68
antonio enes,MZ,1736456401,-16.2325,39.9086,79.02,87,90,8.84
sinabang,ID,1736456402,2.4803,96.3801,78.98,85,100,5.61
kuanda,RU,1736456403,56.3161,116.0806,-25.35,96,17,1.14
black forest,US,1736456405,39.0131,-104.7008,22.62,81,75,28.77
wamba,NG,1736456407,8.9333,8.6,73.27,19,12,5.44
kalamb,IN,1736456408,19.05,73.95,62.02,42,58,4.54
kayar,SN,1736456409,14.9192,-17.1211,77.95,58,0,14.41
aral,CN,1736456288,40.5156,81.2636,23.0,88,6,2.53
mananjary,MG,1736456412,-21.2167,48.3333,77.77,91,10,6.87
tostado,AR,1736456413,-29.232,-61.7692,98.42,16,100,6.29
gizo,SB,1736456414,-8.103,156.8419,82.8,78,95,7.34
selfoss,IS,1736456415,63.9331,-20.9971,13.48,87,14,6.73
banda aceh,ID,1736456417,5.5577,95.3222,77.11,84,78,9.82
villa emilio carranza,MX,1736456418,19.9667,-96.6,74.91,73,100,14.88
lorengau,PG,1736456419,-2.0226,147.2712,83.97,73,39,8.88
cajamar,BR,1736456313,-23.3519,-46.8813,71.74,83,53,11.36
carnarvon,AU,1736456422,-24.8667,113.6333,76.5,66,98,17.11
beaufort west,ZA,1736456423,-32.3567,22.583,72.72,49,0,10.31
tongchuanshi,CN,1736456424,35.0806,109.0897,27.79,45,77,4.25
cooper's town,BS,1736456425,26.8667,-77.5167,64.85,58,0,22.01
rosarito,MX,1736456427,32.3333,-117.0333,72.52,30,0,9.86
kavaratti,IN,1736456428,10.5669,72.642,80.06,75,92,4.25
hami,CN,1736456429,42.8,93.45,20.35,67,95,1.68
santa elena de uairen,VE,1736456430,4.6167,-61.1333,79.65,46,58,3.06
vieste,IT,1736456431,41.8825,16.175,56.73,76,67,12.91
muroto-misakicho,JP,1736456432,33.2833,134.15,35.55,53,82,17.16
phongsali,LA,1736456434,21.6833,102.1058,49.6,97,27,0.11
coracora,PE,1736456435,-15.0333,-73.7833,59.61,59,54,12.55
princeville,CA,1736456436,45.7668,-61.2985,32.65,94,100,12.66
acatlan de osorio,MX,1736456437,18.2,-98.05,80.96,34,100,6.91
hadibu,YE,1736456438,12.65,54.0333,72.34,72,4,11.21
fyodorovka,KZ,1736456439,53.6314,62.7078,25.83,73,100,23.64
nanpara,IN,1736456441,27.8667,81.5,48.9,71,3,2.01
barceloneta,PR,1736456442,18.4505,-66.5385,81.01,81,90,5.88
portland,US,1736456237,45.5234,-122.6762,51.94,63,20,14.97
bhimunipatnam,IN,1736456444,17.8833,83.4333,66.15,78,0,6.69
acarau,BR,1736456445,-2.8856,-40.12,81.16,78,68,14.9
hirara,JP,1736456447,24.8,125.2833,57.06,82,75,20.71
neiafu,TO,1736456448,-18.65,-173.9833,75.88,94,100,8.05
jose pedro varela,UY,1736456449,-33.45,-54.5333,83.66,35,0,18.77
narayanpet,IN,1736456450,16.7333,77.5,64.6,72,34,5.91
tralee,IE,1736456451,52.2704,-9.7026,30.65,90,100,7.07
griffith,US,1736456453,41.5284,-87.4237,27.55,61,0,19.57
ayacucho,PE,1736456454,-13.1583,-74.2239,71.46,35,20,2.3
oyama,JP,1736456455,36.3,139.8,35.35,33,6,8.81
placido de castro,BR,1736456456,-10.3353,-67.1856,73.13,100,100,1.74
nema,RU,1736456457,57.5067,50.5011,29.59,88,100,9.24
manggar,ID,1736456458,-2.8833,108.2667,78.94,87,100,7.61
kenai,US,1736456460,60.5544,-151.2583,34.14,96,0,3.44
sijunjung,ID,1736456461,-0.6876,100.9537,71.85,97,100,1.5
whitefish,US,1736456397,48.4111,-114.3376,31.75,86,100,0.0
dawei,MM,1736456463,14.0833,98.2,70.29,67,84,5.14
nuku'alofa,TO,1736456465,-21.1333,-175.2,79.14,73,75,9.22
bandarbeyla,SO,1736456466,9.4942,50.8122,75.09,70,44,17.6
castillos,UY,1736456467,-34.1667,-53.8333,73.45,59,100,12.82
burunday,KZ,1736456468,43.3603,76.8578,8.46,92,75,4.47
rio tuba,PH,1736456469,8.5061,117.4317,79.83,82,87,11.81
nabire,ID,1736456470,-3.3667,135.4833,73.62,90,94,3.18
midvagur,FO,1736456472,62.0511,-7.1939,32.83,64,100,9.22
raton,US,1736456473,36.9034,-104.4391,23.61,68,100,32.21
port saint john's,ZA,1736456186,-31.6229,29.5448,73.67,88,24,7.36
myitkyina,MM,1736456475,25.3833,97.4,52.59,80,0,3.24
tanout,NE,1736456477,14.9709,8.8879,59.81,20,42,13.35
saint-leu,RE,1736456478,-21.15,55.2833,76.06,95,31,5.23
barntrup,DE,1736456479,51.9904,9.1164,33.08,95,95,14.0
sao joao da barra,BR,1736456480,-21.6403,-41.0511,75.29,84,18,18.57
vitoria do mearim,BR,1736456265,-3.4622,-44.8706,78.87,89,96,4.83
vila franca do campo,PT,1736456482,37.7167,-25.4333,64.81,95,100,14.41
zhigalovo,RU,1736456485,54.8097,105.1578,-0.63,99,100,0.38
susuman,RU,1736456487,62.7833,148.1667,-20.22,99,100,0.96
novaya igirma,RU,1736456489,57.1334,103.9112,9.54,98,100,3.27
christchurch,NZ,1736456446,-43.5333,172.6333,65.32,72,75,9.22
turtas,RU,1736456492,58.9417,69.1325,29.08,96,100,13.2
chengde,CN,1736456494,40.9725,117.9361,10.76,56,0,4.45
el charco,CO,1736456496,2.4769,-78.1105,75.22,94,99,8.59
thief river falls,US,1736456497,48.1191,-96.1812,28.33,93,100,11.5
kruisfontein,ZA,1736456500,-34.0033,24.7314,64.69,87,2,8.05
praia,CV,1736456501,14.9215,-23.5087,72.14,78,0,13.8
coquimbo,CL,1736456355,-29.9533,-71.3436,71.98,60,75,12.66
dar chioukh,DZ,1736456504,34.8964,3.4854,45.52,81,47,11.97
cascais,PT,1736456506,38.6979,-9.4215,61.5,73,56,5.7
jiazi,CN,1736456507,22.8779,116.067,50.2,47,0,10.76
ust'-kulom,RU,1736456508,61.6864,53.6902,18.97,83,86,12.64
villa ojo de agua,AR,1736456251,-29.5,-63.6938,89.47,25,67,6.15
labasa,FJ,1736456511,-16.4167,179.3833,78.62,78,100,8.46
ouesso,CG,1736456512,1.6136,16.0517,78.85,53,83,1.88
turmalina,BR,1736456515,-17.2856,-42.73,69.55,96,100,1.45
nantucket,US,1736456516,41.2835,-70.0995,28.51,50,0,20.71
egilsstadir,IS,1736456517,65.2653,-14.3948,3.11,72,0,3.44
singkil,ID,1736456518,-7.9855,111.4161,76.24,92,100,3.91
san juan,AR,1736456518,-31.5375,-68.5364,92.93,23,29,13.49
zeya,RU,1736456521,53.75,127.2667,-7.98,87,3,4.38
usogorsk,RU,1736456522,63.4106,48.6872,15.8,89,100,13.62
vuokatti,FI,1736456523,64.146,28.2697,-6.5,100,65,1.79
sao jose da coroa grande,BR,1736456525,-8.8978,-35.1478,80.49,80,36,10.47
laojunmiao,CN,1736456526,39.8333,97.7333,15.31,83,96,4.92
abalak,RU,1736456527,58.1286,68.5944,28.72,97,100,13.29
minot air force base,US,1736456528,48.4209,-101.3391,28.58,74,0,21.85
lazaro cardenas,MX,1736456425,17.9583,-102.2,83.41,58,76,9.01
sangkhla buri,TH,1736456531,15.1555,98.4536,64.4,77,37,1.25
nicoya,CR,1736456532,10.1483,-85.452,79.0,74,99,11.92
margate,GB,1736456534,51.3813,1.3862,34.7,83,6,1.01
fort st. john,CA,1736456536,56.2499,-120.8529,31.89,100,100,16.11
mukalla,YE,1736456537,14.5425,49.1242,71.33,76,1,0.31
chom thong,TH,1736456340,18.4174,98.6743,66.49,73,56,1.19
north bend,US,1736456539,43.4065,-124.2243,62.17,51,0,8.05
saint helier,JE,1736456540,49.188,-2.1049,45.1,70,20,5.99
mariental,NA,1736456541,-24.6333,17.9667,85.24,13,100,6.89
kathmandu,NP,1736456495,27.7167,85.3167,46.62,81,20,0.0
narok,KE,1736456544,-1.0783,35.8601,61.56,83,100,3.51
lethem,GY,1736456546,3.3803,-59.7968,95.85,22,83,11.39
abadan,IR,1736456547,30.3392,48.3043,51.75,82,0,4.61
port lincoln,AU,1736456548,-34.7333,135.8667,64.98,77,0,9.64
novoishimskiy,KZ,1736456253,53.1981,66.7694,19.94,67,100,23.11
saldanha,ZA,1736456550,-33.0117,17.9442,69.85,92,64,9.37
kapa'a,US,1736456552,22.0752,-159.319,73.72,94,100,17.27
vila velha,BR,1736456477,-20.3297,-40.2925,78.75,90,75,5.75
barcelos,PT,1736456440,41.5388,-8.6151,55.4,98,100,5.32
acapulco de juarez,MX,1736456279,16.8634,-99.8901,79.7,63,52,12.73
dunay,RU,1736456556,42.8803,132.3375,15.03,76,97,32.64
forrest city,US,1736456557,35.0081,-90.7898,37.15,44,100,4.74
gamba,GA,1736456559,-2.65,10.0,76.32,91,100,2.28
sanghar,PK,1736456560,26.0466,68.9481,57.04,20,0,3.69
pudasjarvi,FI,1736456561,65.3833,26.9167,-3.19,97,91,2.08
marsabit,KE,1736456535,2.3284,37.9899,72.34,50,20,10.4
karpinsk,RU,1736456564,59.7654,60.0085,30.18,92,100,7.74
bel ombre,SC,1736456565,-4.6167,55.4167,80.44,94,40,4.61
tabou,CI,1736456567,4.423,-7.3528,80.91,79,100,8.68
izhmorskiy,RU,1736456568,56.194,86.6414,0.86,99,89,4.56
grand falls-windsor,CA,1736456569,48.9332,-55.6649,32.5,94,100,8.1
pointe michel,DM,1736456571,15.25,-61.3833,88.74,55,20,2.3
upata,VE,1736456572,8.0086,-62.3989,89.29,31,12,6.35
tashtagol,RU,1736456573,52.7657,87.8894,14.11,97,100,2.48
galeana,MX,1736456574,24.8333,-100.0667,60.46,63,64,16.89
sirte,LY,1736456575,31.2089,16.5887,59.14,68,0,6.26
manfalut,EG,1736456576,27.3104,30.97,62.85,42,0,7.81
ipilan,PH,1736456578,8.8431,117.9033,78.75,88,98,11.32
platteville,US,1736456579,42.7342,-90.4785,30.76,59,0,10.36
ust'-ilimsk,RU,1736456580,58.0006,102.6619,6.93,98,100,4.54
newman,US,1736456581,37.3138,-121.0208,59.05,56,0,1.99
basco,PH,1736456582,20.4487,121.9702,70.56,81,100,36.37
novomichurinsk,RU,1736456496,54.0384,39.7479,34.65,83,80,7.07
cidade velha,CV,1736456585,14.9167,-23.6167,72.07,78,0,13.8
kidatu,TZ,1736456586,-7.6992,36.9572,74.32,73,60,2.44
sisimiut,GL,1736456587,66.9395,-53.6735,5.74,82,21,12.62
taro,ID,1736456588,-8.3862,115.28,68.49,97,100,0.38
kosong,KR,1736456589,38.3788,128.4676,12.83,59,0,10.92
sarlat-la-caneda,FR,1736456332,44.889,1.2166,42.01,85,81,1.81
port isabel,US,1736456592,26.0734,-97.2086,48.24,93,100,8.05
minas de matahambre,CU,1736456593,22.5887,-83.9447,69.78,56,95,12.55
aswan,EG,1736456594,24.0934,32.907,65.5,39,0,5.75
pitimbu,BR,1736456595,-7.4706,-34.8086,80.73,78,72,9.06
namibe,AO,1736456410,-15.1961,12.1522,70.27,77,40,3.58
vilyuysk,RU,1736456598,63.7553,121.6247,-15.12,98,100,3.62
zhanaozen,KZ,1736456450,43.3,52.8,28.8,61,0,12.93
buala,SB,1736456600,-8.145,159.5921,82.49,81,69,9.53
sosnovka,RU,1736456601,56.255,51.2842,29.71,89,100,7.25
cafayate,AR,1736456602,-26.073,-65.9761,69.4,75,100,8.01
palmer,US,1736456475,42.1584,-72.3287,28.15,49,20,17.27
nguigmi,NE,1736456605,14.2495,13.1092,65.98,21,44,11.18
phalaborwa,ZA,1736456590,-23.943,31.1411,71.29,90,100,4.68
maumere,ID,1736456608,-8.6199,122.2111,79.5,86,100,4.34
guichon,UY,1736456472,-32.35,-57.2,92.77,14,0,13.98
dvurechensk,RU,1736456611,56.5982,61.0953,34.18,80,99,16.31
senahu,GT,1736456612,15.4,-89.8333,67.1,70,91,3.83
farkhor,TJ,1736456613,37.4922,69.4036,29.1,91,2,3.13
suntar,RU,1736456614,62.1444,117.6319,-2.33,96,100,4.81
kapuskasing,CA,1736456616,49.4169,-82.4331,15.8,67,20,5.75
pacocha,PE,1736456617,-17.5833,-71.3333,71.74,73,100,8.05
